1483
2239254731
2238227455
2238474408
240
90 90 0 0 0.000000 0.000000 0.000000 0.000000 921 1195 513114 1483 0 0 5
0.392699 9 7 -1
0.392699 7 0 0
2.650719 7 4 0
6.185011 7 8 2
0.687223 4 1 1
0
139 342 260 128 15.993214 59.400382 1.535154 0.698308 992 316 500515 1483 0 0 5
2.847068 7 3 -1
0.490874 6 5 0
3.632467 4 8 0
0.000000 7 8 0
1.178097 5 0 0
0
94 413 -832 -749 -4.130350 -24.385319 4.748543 -1.268704 528 1106 498474 1483 0 0 6
2.945243 9 8 -1
2.356194 7 3 0
5.497787 7 0 1
5.694137 6 7 2
0.490874 7 8 3
3.436117 7 8 3
0
151 593 353 452 56.627299 24.309954 5.461944 -0.187675 970 1117 500092 1483 0 0 5
0.392699 9 8 -1
4.319690 5 2 0
0.294524 4 4 0
2.945243 7 5 2
5.203263 6 3 0
0
90 810 0 0 0.000000 0.000000 0.000000 0.000000 800 130 517589 1483 0 0 6
0.098175 9 2 -1
3.926991 5 6 0
0.589049 7 8 1
3.337942 7 6 0
5.988661 6 8 3
3.632467 4 1 4
0
147 1073 -355 960 -9.924815 89.807327 4.977303 -1.860170 455 1268 522201 1483 0 0 6
2.159845 8 3 -1
5.203263 4 5 0
4.319690 5 2 0
1.668971 4 3 0
3.141593 7 1 2
3.828816 6 6 3
0
74 1214 -890 213 -7.713979 20.143419 5.629913 0.085057 113 970 510666 1483 0 0 7
5.792311 7 4 -1
4.908739 5 5 0
2.258020 5 4 1
4.908739 4 5 2
2.650719 6 3 2
2.061670 4 2 3
3.239767 5 1 3
0
68 1291 61 -811 16.369018 -21.897186 5.047475 -1.127320 970 875 524635 1483 0 0 7
0.785398 7 2 -1
0.294524 4 7 0
1.963495 6 4 1
3.730641 7 2 1
5.301438 4 5 3
1.963495 5 3 3
5.792311 6 3 3
0
90 1530 0 0 0.000000 0.000000 0.000000 0.000000 744 1310 571131 1483 0 0 6
2.258020 9 2 -1
3.043418 5 2 0
3.632467 6 1 0
4.516039 5 2 1
1.276272 4 7 0
2.847068 7 0 0
0
94 1687 -841 -42 -22.298977 -34.764998 0.481665 0.544505 1014 1146 537140 1483 0 0 5
1.767146 9 2 -1
1.963495 4 0 0
1.767146 5 1 0
2.748894 5 8 0
3.926991 6 3 3
0
41 1818 -97 -351 -18.893565 -48.507722 1.701525 0.773986 970 85 527209 1483 0 0 5
3.141593 9 3 -1
5.890486 5 6 0
5.694137 5 7 0
5.006913 7 0 0
3.239767 7 2 0
0
74 2073 191 801 26.917826 28.111228 5.856754 -0.193974 472 198 484499 1483 0 0 6
3.828816 8 5 -1
6.185011 7 3 0
3.436117 7 6 1
5.497787 7 5 1
6.086836 4 8 1
2.061670 4 4 4
0
285 71 227 252 22.401824 10.662345 5.561721 -0.424576 1008 1456 525592 1483 0 0 7
1.374447 8 7 -1
0.294524 7 4 0
3.436117 5 3 0
4.417865 6 4 2
1.767146 5 1 0
4.614214 6 1 2
1.276272 5 0 3
0
270 270 0 0 0.000000 0.000000 0.000000 0.000000 93 122 529700 1483 0 0 7
3.534292 8 7 -1
4.908739 6 4 0
5.301438 5 6 1
0.883573 5 8 0
1.276272 7 2 0
1.276272 7 0 1
1.668971 4 0 3
0
270 450 0 0 0.000000 0.000000 0.000000 0.000000 762 918 525617 1483 0 0 7
1.374447 8 7 -1
4.908739 5 4 0
3.730641 4 0 0
1.668971 4 4 2
3.534292 6 5 1
5.301438 5 0 2
1.767146 7 1 5
0
323 572 647 -386 21.349772 -0.693941 5.757237 -2.354954 667 768 512623 1483 0 0 5
3.926991 9 0 -1
5.301438 7 6 0
4.712389 4 3 0
4.123340 6 4 1
5.399612 7 3 2
0
270 810 0 0 0.000000 0.000000 0.000000 0.000000 862 1389 513073 1483 0 0 6
3.828816 7 4 -1
0.098175 5 8 0
2.356194 7 8 0
5.399612 6 2 2
5.988661 5 7 1
4.712389 5 0 2
0
270 990 0 0 0.000000 0.000000 0.000000 0.000000 937 975 496802 1483 0 0 5
5.203263 8 5 -1
2.748894 4 2 0
1.865321 7 5 1
0.687223 4 4 1
3.239767 7 6 2
0
270 1170 0 0 0.000000 0.000000 0.000000 0.000000 1387 63 519644 1483 0 0 7
4.319690 7 2 -1
4.614214 4 8 0
5.988661 7 2 1
5.595962 6 6 1
5.792311 5 5 0
1.079922 7 4 1
2.650719 7 7 2
0
270 1396 -764 572 -20.840934 31.683842 0.087619 1.101552 909 1551 497306 1483 0 0 7
1.178097 9 4 -1
5.497787 4 6 0
5.301438 7 8 0
2.454369 7 6 2
1.472622 6 0 3
3.239767 7 3 2
5.595962 5 7 2
0
217 1589 -868 278 -85.111983 22.571067 4.311737 3.428646 594 1219 501464 1483 0 0 5
4.908739 7 8 -1
6.185011 5 3 0
6.185011 7 5 1
2.552544 5 1 0
3.632467 7 3 1
0
270 1710 0 0 0.000000 0.000000 0.000000 0.000000 675 1539 504176 1483 0 0 6
4.319690 8 4 -1
2.748894 7 0 0
2.258020 5 4 1
3.337942 4 4 1
2.847068 5 7 1
0.785398 4 6 3
0
302 1947 368 206 40.617417 50.449070 2.993569 -1.496373 723 237 511767 1483 0 0 5
5.694137 8 7 -1
2.748894 7 3 0
0.785398 5 2 0
1.767146 4 0 0
3.141593 5 3 1
0
289 2003 705 -679 14.382361 -48.217805 1.253187 0.570047 787 188 533779 1483 0 0 5
2.650719 8 3 -1
2.945243 5 1 0
5.203263 6 0 1
3.239767 7 5 1
5.890486 5 2 2
0
421 118 -77 679 -19.415941 21.243239 5.756847 -0.239420 1479 45 494243 1483 0 0 7
5.792311 9 5 -1
4.221515 4 3 0
0.490874 4 5 1
3.730641 4 0 1
4.810564 4 7 2
2.159845 6 8 1
1.963495 7 4 0
0
450 270 0 0 0.000000 0.000000 0.000000 0.000000 1211 865 538803 1483 0 0 5
4.516039 8 2 -1
4.025166 7 5 0
3.141593 5 1 1
0.785398 5 5 1
3.436117 6 0 2
0
447 431 -647 -110 -12.024086 -12.532390 6.070047 -0.516736 589 1168 550487 1483 0 0 7
2.748894 8 2 -1
1.570796 4 0 0
0.392699 4 5 0
5.988661 5 0 2
0.589049 7 2 0
5.988661 6 5 1
1.276272 5 3 3
0
450 630 0 0 0.000000 0.000000 0.000000 0.000000 1009 1053 511685 1483 0 0 7
3.632467 8 8 -1
0.196350 6 8 0
5.105088 6 2 1
1.178097 4 4 1
5.105088 5 4 0
3.043418 7 6 4
0.883573 5 0 0
0
450 810 0 0 0.000000 0.000000 0.000000 0.000000 240 1253 511888 1483 0 0 7
2.159845 8 2 -1
5.792311 6 8 0
1.178097 5 6 0
1.079922 4 1 2
4.908739 7 4 0
4.908739 7 7 4
5.988661 5 8 4
0
450 990 0 0 0.000000 0.000000 0.000000 0.000000 1152 1336 552136 1483 0 0 7
1.668971 7 2 -1
3.828816 6 2 0
4.712389 6 4 0
2.159845 4 5 1
5.399612 5 1 0
0.883573 5 5 3
4.123340 7 1 4
0
450 1170 0 0 0.000000 0.000000 0.000000 0.000000 811 11 496323 1483 0 0 5
5.792311 9 6 -1
1.178097 6 7 0
4.712389 7 7 1
5.694137 5 1 0
3.632467 4 5 2
0
437 1323 -550 -641 -13.420077 -30.721158 0.040446 -0.151128 1375 1011 505007 1483 0 0 7
4.123340 7 7 -1
0.294524 5 7 0
0.883573 5 3 1
2.748894 7 7 0
1.472622 4 0 3
4.319690 4 7 0
3.730641 6 2 4
0
450 1530 0 0 0.000000 0.000000 0.000000 0.000000 526 174 521302 1483 0 0 7
3.926991 9 2 -1
1.865321 5 7 0
0.392699 6 8 0
5.497787 5 1 1
2.748894 4 6 0
4.319690 4 6 4
0.785398 4 5 0
0
518 1776 -970 -112 -18.156670 -25.077693 3.541839 -1.246978 693 245 498542 1483 0 0 5
5.203263 8 3 -1
2.847068 4 5 0
1.472622 4 1 1
3.926991 4 8 0
3.534292 5 5 1
0
450 1890 0 0 0.000000 0.000000 0.000000 0.000000 292 739 532270 1483 0 0 6
4.908739 7 5 -1
0.883573 4 8 0
3.632467 5 8 1
2.356194 5 2 0
2.552544 6 0 2
5.105088 6 0 1
0
431 2053 -173 -789 -49.812901 -14.577242 0.000000 0.000000 1138 247 478719 1483 0 0 7
3.043418 7 3 -1
1.276272 4 8 0
3.632467 5 8 0
3.337942 7 8 0
0.196350 7 8 0
5.595962 7 6 3
4.810564 7 8 5
0
630 90 0 0 0.000000 0.000000 0.000000 0.000000 1013 118 545413 1483 0 0 5
5.792311 8 6 -1
2.650719 5 0 0
5.105088 4 1 0
3.141593 6 0 2
4.614214 6 0 2
0
649 282 176 -646 26.403371 -4.668293 5.080019 -0.116345 549 895 539906 1483 0 0 6
0.196350 7 1 -1
1.570796 6 1 0
2.061670 6 3 0
1.472622 6 4 2
4.319690 6 2 2
3.926991 4 4 1
0
647 367 399 -296 7.944964 -37.920484 0.548269 0.249396 -4 86 486119 1483 0 0 5
0.294524 8 4 -1
1.276272 7 3 0
2.356194 6 5 1
0.294524 4 8 0
0.196350 4 5 2
0
635 616 166 -189 8.066959 -20.277646 0.720084 0.625466 1190 766 568326 1483 0 0 7
4.025166 7 1 -1
5.792311 5 1 0
5.301438 7 1 0
0.785398 7 1 1
1.276272 5 2 3
2.061670 5 8 3
5.006913 4 3 2
0
676 824 93 -946 33.288997 -4.062333 5.465815 -0.924009 874 932 548880 1483 0 0 5
0.196350 7 0 -1
4.221515 4 2 0
1.668971 6 2 0
0.000000 7 3 0
4.516039 4 2 1
0
630 990 0 0 0.000000 0.000000 0.000000 0.000000 565 1682 524828 1483 0 0 6
0.883573 9 1 -1
1.276272 5 4 0
3.926991 5 8 1
2.650719 7 4 2
0.098175 7 6 1
4.025166 6 0 3
0
630 1170 0 0 0.000000 0.000000 0.000000 0.000000 66 1077 510991 1483 0 0 7
1.570796 9 5 -1
2.847068 4 8 0
2.454369 6 4 1
4.025166 6 2 0
4.516039 5 1 0
2.847068 6 8 2
4.417865 6 8 5
0
630 1350 0 0 0.000000 0.000000 0.000000 0.000000 918 917 520259 1483 0 0 5
1.079922 8 2 -1
2.650719 4 5 0
0.294524 5 5 1
1.865321 4 5 2
1.865321 4 0 2
0
596 1569 -504 275 -3.282170 28.915423 4.654992 -0.740629 320 33 534133 1483 0 0 6
1.767146 7 3 -1
1.767146 6 0 0
2.650719 4 6 1
0.000000 5 8 0
1.079922 4 1 1
1.472622 7 0 3
0
630 1710 0 0 0.000000 0.000000 0.000000 0.000000 844 1572 514517 1483 0 0 7
4.516039 7 4 -1
2.454369 6 1 0
6.185011 6 8 0
3.632467 5 8 1
0.196350 4 7 2
0.000000 6 2 2
5.988661 4 4 1
0
630 1890 0 0 0.000000 0.000000 0.000000 0.000000 541 1496 532830 1483 0 0 6
0.589049 8 0 -1
5.203263 6 5 0
5.595962 6 4 0
0.000000 4 0 1
0.392699 5 2 1
0.392699 6 5 3
0
616 2079 -889 884 -6.803059 4.527588 5.642968 0.027948 85 895 545046 1483 0 0 7
3.828816 9 5 -1
2.650719 4 1 0
4.908739 6 8 0
0.392699 7 1 2
4.319690 6 1 2
2.847068 4 3 4
2.748894 5 1 2
0
768 113 768 789 7.683665 7.620489 1.111419 -0.904915 833 1022 485687 1483 0 0 5
4.810564 7 6 -1
2.356194 5 3 0
3.141593 7 5 0
4.123340 6 6 1
2.258020 7 4 1
0
793 224 -985 -29 -20.346394 -40.761391 5.707503 -0.261865 605 1123 540135 1483 0 0 7
3.436117 7 2 -1
3.534292 4 8 0
5.497787 4 8 0
4.221515 7 2 2
5.595962 7 3 3
4.810564 6 0 1
0.294524 4 6 5
0
810 450 0 0 0.000000 0.000000 0.000000 0.000000 886 1178 549072 1483 0 0 6
5.497787 8 4 -1
2.650719 4 4 0
1.472622 7 2 1
3.534292 4 1 2
3.534292 7 2 3
0.196350 5 0 1
0
810 630 0 0 0.000000 0.000000 0.000000 0.000000 60 240 531565 1483 0 0 6
3.534292 8 1 -1
0.981748 6 4 0
1.767146 6 6 0
5.203263 6 2 1
0.883573 4 0 0
1.178097 6 7 1
0
842 828 198 858 -1.210609 22.588317 0.288563 0.131261 660 85 483983 1483 0 0 6
1.570796 9 5 -1
2.552544 5 3 0
4.025166 5 4 0
2.945243 7 5 1
3.534292 5 8 3
5.399612 5 5 0
0
810 990 0 0 0.000000 0.000000 0.000000 0.000000 970 138 498474 1483 0 0 7
4.123340 7 4 -1
3.632467 6 6 0
5.988661 4 5 1
0.981748 7 7 1
2.945243 7 2 3
1.374447 4 7 2
1.668971 6 7 1
0
738 1237 -930 944 -23.988835 37.064519 1.935068 0.880220 1006 217 484898 1483 0 0 5
3.926991 8 8 -1
1.767146 6 3 0
3.632467 4 7 0
1.865321 6 6 0
2.748894 5 5 1
0
803 1414 340 512 14.639140 53.169860 5.795835 -0.221685 733 12 479931 1483 0 0 7
5.497787 9 8 -1
4.810564 6 3 0
4.712389 6 8 1
2.650719 5 4 0
1.374447 6 4 2
0.294524 4 8 4
0.392699 7 4 2
0
1000 1435 115 -856 180.975706 0.334022 4.734012 5.343584 835 1500 499480 1483 0 0 7
0.490874 8 5 -1
5.988661 7 3 0
5.203263 6 6 1
3.141593 5 1 0
1.767146 4 7 2
6.185011 4 3 0
1.767146 7 3 4
0
810 1710 0 0 0.000000 0.000000 0.000000 0.000000 774 1538 555905 1483 0 0 6
1.374447 9 0 -1
1.963495 7 4 0
3.436117 5 8 0
3.632467 4 0 0
4.417865 6 0 2
5.399612 7 2 1
0
810 1890 0 0 0.000000 0.000000 0.000000 0.000000 1264 181 534107 1483 0 0 7
5.105088 7 2 -1
3.043418 6 0 0
3.337942 7 6 0
4.614214 6 4 2
3.926991 6 6 2
5.595962 6 8 4
1.963495 6 2 4
0
822 2057 3 -600 5.491749 -6.217391 0.848933 0.386161 29 101 498068 1483 0 0 7
0.589049 9 4 -1
5.694137 6 4 0
1.570796 6 5 1
1.472622 7 7 1
3.436117 6 1 0
5.595962 4 4 1
3.239767 6 3 3
0
1037 114 134 492 44.023898 21.188159 5.120190 -0.529021 564 118 513711 1483 0 0 6
6.185011 7 7 -1
0.490874 6 0 0
0.000000 7 3 1
0.196350 4 8 1
0.098175 5 7 3
2.945243 5 1 1
0
986 254 -312 907 -21.136296 4.450650 1.061166 0.482701 785 55 501822 1483 0 0 6
1.079922 9 7 -1
5.595962 7 2 0
3.337942 5 6 1
5.203263 7 5 1
2.258020 5 7 1
1.472622 6 3 0
0
990 450 0 0 0.000000 0.000000 0.000000 0.000000 1192 56 521862 1483 0 0 7
5.792311 8 5 -1
2.552544 4 1 0
4.810564 4 2 1
2.552544 6 4 0
1.668971 5 8 0
4.810564 6 2 3
1.178097 5 6 1
0
955 625 -362 -150 -31.988312 -61.965262 0.750263 0.341278 652 227 514200 1483 0 0 5
1.374447 7 6 -1
0.883573 7 3 0
0.687223 4 1 0
5.399612 5 2 2
3.730641 6 3 3
0
966 819 -104 87 15.178958 -22.924890 6.144065 -0.824372 990 1258 543210 1483 0 0 6
5.006913 7 0 -1
6.185011 7 2 0
5.595962 7 3 0
3.239767 6 7 2
4.908739 7 1 3
2.159845 6 5 2
0
947 965 -259 -834 -17.473683 -50.365798 4.530340 -0.573324 665 1559 504694 1483 0 0 6
2.159845 8 8 -1
3.239767 4 8 0
3.337942 7 5 0
0.196350 5 4 0
0.098175 7 1 1
3.534292 6 3 0
0
1126 1279 332 -259 112.028551 -47.297559 0.673890 -1.190301 1231 1351 517428 1483 0 0 7
2.748894 8 3 -1
0.294524 4 1 0
2.552544 5 6 0
0.883573 7 0 0
2.650719 7 3 1
6.086836 5 8 0
1.178097 7 3 4
0
1049 1385 150 933 67.147279 64.422196 4.486824 0.232007 1150 1072 495767 1483 0 0 5
4.614214 7 5 -1
1.178097 7 7 0
2.552544 7 3 1
4.221515 4 1 1
2.454369 4 7 3
0
1004 1512 478 929 0.940446 8.576283 1.582878 1.579957 652 896 516693 1483 0 0 6
4.319690 7 3 -1
3.730641 5 5 0
0.000000 6 7 0
3.337942 6 1 1
6.185011 6 7 2
4.025166 6 1 2
0
990 1710 0 0 0.000000 0.000000 0.000000 0.000000 609 1471 516855 1483 0 0 5
6.086836 9 5 -1
0.098175 7 1 0
1.963495 4 6 1
1.570796 6 8 1
4.025166 4 0 2
0
990 1890 0 0 0.000000 0.000000 0.000000 0.000000 373 774 538803 1483 0 0 5
3.828816 8 0 -1
6.185011 6 2 0
5.399612 4 8 0
2.847068 5 1 2
4.319690 6 6 2
0
1105 1964 628 -233 93.841425 -90.043384 2.171166 -1.870467 550 254 513101 1483 0 0 7
2.258020 8 3 -1
1.374447 5 5 0
5.105088 7 3 1
0.392699 6 8 0
5.301438 7 6 0
1.472622 6 1 4
4.417865 4 0 4
0
1170 90 0 0 0.000000 0.000000 0.000000 0.000000 1181 1319 497956 1483 0 0 5
5.890486 8 6 -1
1.865321 5 7 0
5.595962 5 7 1
0.490874 5 6 0
2.552544 5 1 1
0
1170 270 0 0 0.000000 0.000000 0.000000 0.000000 385 1631 543182 1483 0 0 7
5.595962 9 1 -1
3.239767 7 7 0
4.908739 6 6 1
4.025166 6 6 1
1.865321 5 1 2
1.963495 4 0 0
1.963495 5 1 3
0
1115 484 772 -753 6.719979 -18.818009 5.836447 -0.203211 578 262 524667 1483 0 0 6
4.712389 7 6 -1
4.025166 5 5 0
4.025166 6 2 1
5.694137 7 3 0
0.098175 7 1 0
4.025166 4 3 3
0
1158 643 -204 187 -14.972990 -0.582809 0.115466 0.397556 553 1661 548625 1483 0 0 7
2.552544 8 2 -1
4.221515 6 8 0
4.025166 4 3 0
5.399612 6 7 1
2.650719 4 2 3
5.301438 5 0 3
6.185011 7 2 0
0
1199 837 714 -568 30.653334 -0.797163 0.758295 0.803077 932 1193 501822 1483 0 0 6
4.417865 7 7 -1
0.687223 7 1 0
5.203263 7 8 1
1.079922 7 3 1
2.748894 6 6 2
0.392699 4 7 3
0
1181 1060 -855 5 -41.511403 18.568786 1.138713 0.517975 1012 153 525185 1483 0 0 5
0.589049 9 3 -1
3.141593 6 1 0
4.221515 4 5 1
3.926991 7 0 0
5.006913 6 4 1
0
1170 1170 0 0 0.000000 0.000000 0.000000 0.000000 950 108 539684 1483 0 0 5
4.516039 7 6 -1
5.988661 7 1 0
0.000000 5 2 0
0.294524 7 8 1
4.417865 7 0 0
0
1197 1382 423 273 28.353938 -0.384759 0.957187 0.895734 898 1132 514271 1483 0 0 7
3.436117 7 6 -1
0.392699 5 1 0
6.185011 4 7 0
3.436117 6 3 2
2.454369 4 4 1
6.086836 5 7 2
1.276272 6 2 1
0
1116 1441 -7 -699 -54.274180 -88.834854 5.425025 -0.390358 1123 182 523287 1483 0 0 5
0.098175 9 3 -1
3.632467 7 0 0
1.668971 5 1 1
4.810564 5 5 2
1.472622 4 4 0
0
1155 1623 -289 742 -75.562691 6.103298 5.552160 -0.332527 765 252 484499 1483 0 0 6
2.061670 8 4 -1
5.006913 5 3 0
4.712389 4 6 1
3.730641 7 3 2
4.516039 7 4 1
2.356194 7 8 3
0
1170 1890 0 0 0.000000 0.000000 0.000000 0.000000 980 1552 522762 1483 0 0 5
5.890486 9 5 -1
5.595962 5 5 0
3.730641 4 5 0
3.337942 6 2 1
2.552544 7 2 2
0
1221 2011 962 -759 23.666666 -27.212535 3.250400 3.548782 7 794 484898 1483 0 0 5
1.963495 8 4 -1
4.712389 6 6 0
2.356194 4 8 1
2.945243 6 8 1
6.185011 7 3 0
0
1350 90 0 0 0.000000 0.000000 0.000000 0.000000 97 1372 516704 1483 0 0 7
0.589049 7 5 -1
5.792311 4 8 0
4.614214 6 6 1
2.552544 7 7 0
3.632467 6 2 2
2.454369 5 6 3
1.668971 7 2 2
0
1378 293 5 85 12.769402 10.529984 4.360970 -1.753608 29 1195 513752 1483 0 0 5
2.945243 9 8 -1
3.534292 7 3 0
1.472622 4 1 0
0.490874 6 1 1
4.712389 7 5 1
0
1439 395 496 266 61.747317 7.724352 0.456891 0.207830 1223 143 549277 1483 0 0 6
5.792311 8 1 -1
2.945243 7 2 0
2.847068 7 0 1
4.221515 7 3 2
4.025166 4 3 0
0.981748 4 3 4
0
1350 630 0 0 0.000000 0.000000 0.000000 0.000000 280 278 551930 1483 0 0 7
0.883573 9 0 -1
0.000000 7 0 0
1.767146 7 6 0
3.239767 4 2 0
0.196350 7 1 2
1.767146 5 7 3
4.221515 4 7 2
0
1444 735 119 -573 84.809978 -38.736295 4.835754 -0.658404 673 819 505236 1483 0 0 7
4.221515 8 5 -1
5.105088 6 3 0
0.883573 5 4 0
4.516039 7 1 0
1.472622 4 4 3
0.785398 5 3 3
5.988661 6 6 4
0
1342 1008 -182 683 6.006542 12.379586 5.702665 -0.264066 1211 43 518977 1483 0 0 7
1.079922 9 2 -1
5.301438 5 5 0
1.865321 7 5 0
1.668971 4 1 2
2.945243 7 6 3
4.319690 6 3 0
5.792311 4 7 3
0
1413 1321 911 664 42.750050 115.850479 0.645843 2.270059 326 1532 500092 1483 0 0 6
3.632467 9 3 -1
4.712389 5 4 0
3.141593 7 7 0
1.963495 4 6 2
5.301438 5 0 1
0.981748 4 3 4
0
1350 1350 0 0 0.000000 0.000000 0.000000 0.000000 851 56 522666 1483 0 0 5
0.196350 8 8 -1
0.000000 6 2 0
3.141593 7 8 0
3.926991 4 1 2
4.025166 4 1 0
0
1350 1530 0 0 0.000000 0.000000 0.000000 0.000000 1240 154 536842 1483 0 0 6
1.276272 8 0 -1
2.061670 5 4 0
5.988661 7 8 0
0.981748 4 1 0
5.890486 7 2 2
1.472622 4 5 3
0
1333 1696 -912 926 -14.873190 15.328142 0.412703 -0.435478 514 1383 517797 1483 0 0 7
3.534292 7 3 -1
4.516039 7 5 0
0.883573 5 5 1
5.988661 6 0 0
4.025166 6 8 2
2.159845 4 4 0
1.472622 6 1 1
0
1358 1942 539 11 3.913798 23.689945 5.654331 0.647705 85 1352 503006 1483 0 0 5
2.748894 7 3 -1
0.000000 6 6 0
1.570796 6 0 0
4.712389 5 4 0
1.963495 6 7 0
0
1350 2070 0 0 0.000000 0.000000 0.000000 0.000000 796 1067 542311 1483 0 0 6
5.006913 7 8 -1
2.748894 7 2 0
5.301438 7 2 1
5.890486 6 5 1
4.908739 5 4 3
2.945243 7 0 0
0
1490 108 -716 -718 -45.905364 -11.420598 5.652196 0.764373 1015 961 496323 1483 0 0 7
1.963495 9 8 -1
0.883573 6 5 0
2.356194 6 3 1
4.123340 4 7 0
0.294524 4 5 2
0.589049 7 4 3
2.945243 5 2 2
0
1530 270 0 0 0.000000 0.000000 0.000000 0.000000 503 104 554826 1483 0 0 6
2.356194 7 1 -1
4.319690 6 0 0
4.516039 5 2 1
4.516039 7 0 1
2.650719 4 8 0
0.294524 6 5 4
0
1599 398 565 514 73.133637 14.114129 4.090108 -0.997582 642 35 496896 1483 0 0 7
2.552544 8 7 -1
0.196350 4 6 0
2.258020 5 3 1
3.730641 4 5 1
4.712389 5 2 0
5.595962 6 7 0
4.908739 4 3 0
0
1455 548 177 -687 44.394914 -68.949839 3.432643 1.561433 1218 285 499042 1483 0 0 7
1.570796 8 5 -1
4.123340 7 3 0
0.196350 4 7 1
3.337942 5 6 0
3.632467 5 3 2
2.356194 5 5 0
1.668971 5 0 2
0
1530 810 0 0 0.000000 0.000000 0.000000 0.000000 738 953 553809 1483 0 0 6
2.356194 9 0 -1
3.926991 6 5 0
5.988661 6 1 0
2.454369 7 4 1
0.098175 4 0 1
1.276272 6 0 3
0
1530 990 0 0 0.000000 0.000000 0.000000 0.000000 1038 1485 508827 1483 0 0 5
4.614214 9 0 -1
2.552544 6 8 0
5.203263 7 8 1
3.730641 5 4 0
4.123340 7 6 2
0
1530 1135 260 -252 6.745992 -27.028872 0.548631 1.084142 745 935 538652 1483 0 0 5
5.792311 8 2 -1
4.810564 7 7 0
3.926991 6 0 1
2.356194 5 2 2
5.301438 6 3 1
0
1518 1456 672 -749 0.000000 -7.651720 0.952980 0.500804 1210 268 603586 1273 6 110 6
2.552544 7 5 -1
4.712389 5 3 0
3.828816 7 4 1
5.694137 5 6 0
3.534292 7 3 1
1.079922 4 5 1
0
1529 1467 -542 590 0.000000 7.651720 5.042559 -0.500804 1349 45 175221 1273 3 110 7
0.392699 9 3 -1
4.123340 7 8 0
2.159845 5 2 0
0.687223 7 5 1
1.668971 6 1 0
3.141593 7 7 0
5.006913 4 3 0
0
1530 1710 0 0 0.000000 0.000000 0.000000 0.000000 1083 1558 501293 1483 0 0 7
3.239767 7 7 -1
3.632467 5 8 0
5.203263 4 1 1
0.196350 4 0 0
2.061670 5 7 0
5.301438 7 6 1
3.632467 6 4 4
0
1530 1890 0 0 0.000000 0.000000 0.000000 0.000000 630 286 505277 1483 0 0 6
4.123340 8 0 -1
1.079922 4 5 0
5.105088 4 8 0
3.534292 5 6 1
1.570796 6 4 0
5.988661 6 7 1
0
1511 2053 -570 503 -2.677074 12.674177 0.207168 0.234196 1046 1516 539168 1483 0 0 5
6.185011 9 1 -1
3.926991 5 3 0
1.276272 5 2 1
1.079922 4 1 2
2.650719 7 4 1
0
1710 90 0 0 0.000000 0.000000 0.000000 0.000000 1232 1376 505589 1483 0 0 7
2.945243 9 7 -1
3.828816 7 0 0
6.086836 4 1 0
2.552544 6 7 2
0.490874 6 6 3
3.730641 6 8 2
0.196350 5 7 5
0
1728 334 -586 26 -17.667766 54.057171 4.673589 -1.289396 467 1452 546515 1483 0 0 7
2.552544 7 7 -1
5.497787 4 3 0
2.650719 7 3 0
3.534292 5 1 2
5.988661 6 1 0
0.392699 6 0 0
1.178097 6 1 2
0
1734 443 398 -474 7.314164 -7.897214 0.167556 0.536763 727 1613 517294 1483 0 0 6
1.276272 7 6 -1
3.828816 5 2 0
1.472622 7 5 1
1.079922 6 2 0
3.043418 7 5 1
0.687223 4 3 1
0
1710 630 0 0 0.000000 0.000000 0.000000 0.000000 516 1530 528751 1483 0 0 5
5.105088 7 5 -1
5.105088 6 1 0
3.043418 4 2 1
5.203263 6 8 1
3.239767 5 1 3
0
1710 810 0 0 0.000000 0.000000 0.000000 0.000000 344 893 520584 1483 0 0 5
5.006913 8 2 -1
1.079922 7 8 0
5.497787 7 7 1
5.301438 6 6 0
3.926991 6 0 2
0
1710 990 0 0 0.000000 0.000000 0.000000 0.000000 1304 788 549821 1483 0 0 5
4.319690 7 1 -1
1.079922 6 2 0
2.454369 5 7 0
1.374447 5 0 0
0.000000 5 0 0
0
1719 1150 620 -712 19.752760 -12.900611 0.492524 0.677674 400 948 499862 1483 0 0 7
1.079922 7 2 -1
3.239767 4 4 0
3.239767 5 3 0
1.276272 5 8 0
1.767146 5 8 2
5.988661 7 8 3
2.159845 7 7 0
0
1718 1336 -786 -189 -15.209809 -22.226278 5.976154 -0.139662 169 124 518447 1483 0 0 6
1.668971 7 3 -1
2.748894 6 4 0
5.988661 5 2 0
3.436117 6 1 1
5.203263 4 5 1
0.883573 4 5 0
0
1710 1530 0 0 0.000000 0.000000 0.000000 0.000000 538 1206 494542 1483 0 0 6
3.141593 8 8 -1
1.963495 6 4 0
0.687223 4 7 0
1.374447 7 5 1
5.301438 7 7 1
6.086836 5 0 0
0
1774 1637 834 -76 35.205080 -50.309964 3.983991 -1.045852 956 1478 498068 1483 0 0 7
1.865321 9 3 -1
3.436117 5 8 0
1.472622 6 1 0
2.258020 4 3 2
3.337942 6 7 2
1.570796 4 8 4
0.981748 6 7 4
0
1710 1890 0 0 0.000000 0.000000 0.000000 0.000000 988 39 552940 1483 0 0 6
4.123340 8 0 -1
5.988661 6 1 0
3.926991 4 0 1
5.595962 4 8 2
0.098175 5 8 3
1.472622 7 1 3
0
1710 2070 0 0 0.000000 0.000000 0.000000 0.000000 22 828 518965 1483 0 0 6
1.472622 7 7 -1
5.203263 7 0 0
4.712389 7 5 0
2.945243 5 5 2
1.767146 6 2 2
1.178097 7 6 4
0
1911 73 447 -327 5.976595 -2.870179 0.474179 0.215693 495 284 514517 1483 0 0 6
1.178097 8 7 -1
5.988661 6 0 0
1.865321 6 1 1
4.123340 4 3 0
6.086836 6 7 3
3.926991 4 7 2
0
1890 270 0 0 0.000000 0.000000 0.000000 0.000000 879 276 509998 1483 0 0 6
3.239767 8 4 -1
5.792311 7 6 0
4.516039 6 1 1
3.632467 7 7 1
1.079922 4 2 1
0.687223 5 4 0
0
1890 450 0 0 0.000000 0.000000 0.000000 0.000000 539 822 537674 1483 0 0 7
2.159845 9 7 -1
4.319690 7 8 0
3.632467 6 0 1
5.105088 4 5 1
5.399612 6 0 2
5.792311 4 1 2
5.694137 6 0 1
0
1890 630 0 0 0.000000 0.000000 0.000000 0.000000 619 77 504081 1483 0 0 7
0.981748 8 8 -1
3.141593 5 6 0
4.319690 4 1 1
4.712389 5 4 0
0.981748 4 2 3
4.810564 5 7 4
3.141593 4 4 2
0
1932 801 678 -35 30.900251 0.765565 0.701785 0.319226 389 144 497956 1483 0 0 7
4.417865 8 5 -1
5.399612 6 4 0
1.079922 7 6 0
0.490874 4 3 1
3.828816 5 1 2
2.356194 6 6 4
5.301438 5 5 5
0
1890 990 0 0 0.000000 0.000000 0.000000 0.000000 1174 220 495101 1483 0 0 6
3.828816 7 8 -1
1.963495 6 4 0
4.712389 7 8 1
3.534292 7 5 1
5.694137 5 0 3
5.497787 5 7 4
0
1890 1170 0 0 0.000000 0.000000 0.000000 0.000000 575 264 515865 1483 0 0 6
0.687223 8 2 -1
2.356194 4 2 0
5.399612 7 4 1
3.534292 4 4 0
0.589049 4 7 0
0.098175 6 7 1
0
1890 1350 0 0 0.000000 0.000000 0.000000 0.000000 844 939 529836 1483 0 0 5
4.908739 9 1 -1
4.221515 5 5 0
5.399612 5 8 1
5.105088 7 1 2
1.865321 4 8 0
0
1897 1496 585 307 23.731014 15.327840 1.608257 0.731560 611 127 517946 1483 0 0 7
1.472622 8 0 -1
0.981748 4 3 0
3.141593 7 4 1
1.570796 4 5 2
1.963495 7 3 1
0.785398 4 2 0
1.767146 4 7 2
0
1890 1710 0 0 0.000000 0.000000 0.000000 0.000000 1046 86 539863 1483 0 0 7
3.141593 8 4 -1
4.712389 4 2 0
0.687223 6 2 1
5.399612 7 1 1
4.712389 7 7 3
0.392699 5 5 1
2.552544 4 2 5
0
1857 1932 -956 810 -10.332681 26.591491 5.380154 -0.410769 1084 235 537184 1483 0 0 6
4.810564 7 3 -1
1.767146 4 5 0
2.650719 6 1 0
3.337942 6 4 2
1.374447 6 1 1
4.908739 6 0 2
0
1852 2004 -102 -811 -17.362069 -30.422755 1.884595 1.925878 102 1089 506322 1483 0 0 5
1.963495 9 4 -1
0.098175 7 3 0
5.988661 7 1 0
5.105088 7 5 0
5.988661 7 4 2
0
2096 148 407 663 -7.112525 -1.435050 1.879780 0.855071 1300 45 532721 1483 0 0 7
5.792311 8 3 -1
1.178097 5 8 0
6.185011 6 1 1
5.006913 4 3 1
0.392699 4 8 0
2.945243 5 1 3
2.356194 6 1 3
0
2016 304 -279 328 -30.877211 40.077369 1.096539 0.498791 600 139 537454 1483 0 0 7
1.865321 8 0 -1
1.472622 7 3 0
0.883573 7 3 0
2.159845 5 8 0
0.687223 6 7 2
5.399612 7 1 4
0.981748 5 2 5
0
2070 450 0 0 0.000000 0.000000 0.000000 0.000000 -1 889 513863 1483 0 0 6
0.785398 9 7 -1
2.748894 4 5 0
2.748894 7 1 0
0.196350 5 1 1
4.614214 5 7 3
5.792311 6 4 0
0
2070 630 0 0 0.000000 0.000000 0.000000 0.000000 1411 1529 552176 1483 0 0 6
1.374447 8 0 -1
4.221515 6 0 0
5.399612 7 8 1
2.650719 7 4 1
2.061670 7 0 1
3.632467 4 0 1
0
2070 810 0 0 0.000000 0.000000 0.000000 0.000000 903 55 533645 1483 0 0 6
1.963495 7 8 -1
5.203263 6 1 0
2.552544 5 4 0
1.472622 6 1 2
5.006913 6 2 1
2.258020 7 4 0
0
2107 1060 293 670 16.992200 32.177509 3.086270 -2.776932 112 1353 503603 1483 0 0 7
3.436117 9 3 -1
4.614214 4 3 0
0.981748 6 7 0
4.319690 7 2 2
5.694137 7 4 1
1.767146 5 5 1
1.079922 6 8 3
0
2125 1207 796 207 33.256787 37.164393 5.307193 -0.654279 797 1375 509073 1483 0 0 5
2.650719 8 2 -1
6.185011 6 5 0
1.079922 6 3 0
1.570796 5 5 0
3.337942 4 6 3
0
2070 1350 0 0 0.000000 0.000000 0.000000 0.000000 950 1407 515592 1483 0 0 6
1.570796 8 5 -1
1.472622 5 1 0
2.748894 6 2 1
3.828816 7 4 2
3.337942 6 4 0
0.000000 5 6 2
0
1999 1531 -965 -512 -57.098954 -18.055242 4.653115 -1.648755 1097 895 539538 1483 0 0 6
2.258020 8 1 -1
3.926991 7 2 0
3.239767 7 5 0
5.890486 4 3 2
5.792311 4 2 3
2.061670 6 3 2
0
1998 1661 -825 680 -53.242520 31.997091 5.460781 -0.374093 915 248 494802 1483 0 0 7
2.847068 7 5 -1
5.694137 5 3 0
6.185011 7 6 0
3.828816 7 7 2
1.668971 4 0 0
2.061670 5 6 4
1.079922 4 3 1
0
2071 1911 -376 568 -7.334049 22.281439 0.408488 0.842903 789 759 519346 1483 0 0 5
5.890486 8 6 -1
2.454369 5 3 0
3.730641 7 0 0
1.963495 5 2 0
3.239767 7 7 0
0
2070 2070 0 0 0.000000 0.000000 0.000000 0.000000 498 1226 510076 1483 0 0 7
5.890486 8 6 -1
6.185011 7 6 0
5.890486 6 2 1
5.301438 5 4 0
0.098175 4 2 3
3.730641 7 4 3
4.516039 6 5 0
0
2250 90 0 0 0.000000 0.000000 0.000000 0.000000 707 1250 526067 1483 0 0 6
5.694137 7 0 -1
5.301438 5 5 0
3.730641 6 5 0
4.516039 7 1 1
4.614214 5 5 1
0.000000 4 4 4
0
2250 270 0 0 0.000000 0.000000 0.000000 0.000000 1197 994 540538 1483 0 0 6
3.534292 7 8 -1
5.988661 5 2 0
1.668971 5 1 1
4.810564 7 4 0
3.828816 4 0 3
4.025166 6 0 4
0
2239 459 -218 794 -5.136470 4.484291 0.872099 1.092184 8 1408 518271 1483 0 0 7
4.712389 9 6 -1
0.785398 5 7 0
0.490874 7 1 0
1.570796 7 5 2
4.712389 5 5 0
1.472622 6 3 0
3.534292 6 2 2
0
2250 630 0 0 0.000000 0.000000 0.000000 0.000000 67 1160 494243 1483 0 0 5
0.687223 9 4 -1
5.399612 5 8 0
1.570796 4 1 1
0.392699 5 7 1
1.178097 4 7 1
0
2359 753 708 817 57.670010 12.853527 2.945894 -1.518060 435 -10 482077 1483 0 0 7
2.847068 8 5 -1
0.294524 7 3 0
1.276272 7 3 1
3.337942 5 8 0
0.981748 5 8 1
2.847068 6 6 0
2.650719 5 7 5
0
2319 1030 148 -436 59.187713 -14.049830 4.386154 1.995165 922 214 520624 1483 0 0 5
4.123340 7 0 -1
0.687223 5 5 0
2.650719 7 3 0
5.988661 4 2 2
0.196350 7 3 1
0
2209 1119 -497 -425 -22.941217 -47.820917 0.000000 0.000000 336 18 520243 1483 0 0 6
1.767146 7 2 -1
3.436117 4 8 0
2.945243 6 2 0
1.963495 7 6 0
1.178097 7 3 2
0.785398 7 7 1
0
2293 1382 289 734 -0.136030 21.073720 3.362428 -3.426178 886 1509 484499 1483 0 0 5
2.159845 8 4 -1
5.792311 7 7 0
4.810564 6 3 0
1.178097 4 5 1
3.632467 6 6 1
0
2250 1530 0 0 0.000000 0.000000 0.000000 0.000000 255 1319 501822 1483 0 0 5
1.276272 8 7 -1
5.006913 7 5 0
1.963495 7 0 1
2.748894 4 4 0
0.490874 7 7 1
0
2279 1717 357 -117 17.429412 -9.429276 1.514397 0.289809 904 1287 485290 1483 0 0 5
1.472622 8 6 -1
0.981748 5 5 0
2.061670 7 7 0
2.847068 4 3 1
5.497787 4 4 0
0
2250 1890 0 0 0.000000 0.000000 0.000000 0.000000 110 139 522203 1483 0 0 5
1.276272 7 1 -1
5.105088 4 6 0
3.043418 6 1 0
4.810564 4 5 2
2.356194 7 7 3
0
2241 2121 -803 28 -22.040165 42.801286 6.072312 -0.095921 1034 64 497414 1483 0 0 7
1.865321 7 8 -1
1.570796 5 3 0
0.981748 4 6 0
1.472622 6 8 0
4.417865 4 8 2
3.926991 4 4 3
4.025166 5 1 2
0
2435 131 839 -494 -0.345011 -3.906323 5.051501 -1.555969 1135 1159 500422 1483 0 0 7
6.185011 7 6 -1
1.865321 5 5 0
3.239767 7 3 0
0.981748 7 5 2
5.203263 6 2 2
1.374447 6 8 0
0.981748 6 4 3
0
2497 214 427 -911 59.627431 -63.824528 2.640857 1.611394 311 1353 485687 1483 0 0 5
3.436117 7 8 -1
3.436117 4 5 0
2.454369 6 3 1
1.570796 6 6 2
0.589049 7 4 1
0
2360 502 107 937 38.423025 12.688444 5.393907 0.444750 875 1237 493701 1483 0 0 7
1.865321 8 4 -1
4.614214 7 7 0
0.294524 5 3 1
5.890486 6 3 1
0.687223 7 6 1
4.319690 4 1 3
5.105088 5 6 4
0
2430 630 0 0 0.000000 0.000000 0.000000 0.000000 521 1046 533686 1483 0 0 5
1.276272 9 5 -1
3.141593 7 7 0
3.141593 7 1 0
5.497787 7 0 0
2.454369 4 1 3
0
2430 810 0 0 0.000000 0.000000 0.000000 0.000000 636 893 524745 1483 0 0 5
3.926991 7 5 -1
2.258020 5 7 0
2.650719 7 2 1
4.221515 4 7 1
1.374447 7 0 2
0
2430 990 0 0 0.000000 0.000000 0.000000 0.000000 661 964 525957 1483 0 0 5
3.436117 8 1 -1
2.454369 6 1 0
1.865321 6 6 0
5.792311 4 6 0
4.614214 6 8 1
0
2413 1169 452 -565 2.948198 -2.978731 6.155681 -0.057999 1027 116 526868 1483 0 0 7
3.337942 9 8 -1
2.748894 6 2 0
4.712389 6 7 0
1.865321 6 6 1
0.392699 4 0 2
2.945243 7 2 3
0.392699 5 3 1
0
2425 1367 -996 346 -2.759604 7.923167 5.005816 -0.718634 -9 732 496896 1483 0 0 6
0.785398 7 7 -1
4.123340 7 4 0
2.847068 6 6 1
4.516039 5 3 1
5.006913 5 1 1
3.828816 7 8 4
0
2430 1530 0 0 0.000000 0.000000 0.000000 0.000000 823 140 527041 1483 0 0 5
2.061670 7 7 -1
2.061670 4 2 0
1.668971 6 2 1
1.472622 7 5 2
2.748894 5 1 2
0
2430 1710 0 0 0.000000 0.000000 0.000000 0.000000 534 1400 527249 1483 0 0 7
0.981748 9 5 -1
3.730641 7 2 0
0.490874 5 1 1
0.883573 5 6 1
5.792311 7 6 1
3.534292 4 0 0
0.785398 4 8 5
0
2420 1890 941 321 21.688110 33.682793 1.046696 0.476119 1019 713 499480 1483 0 0 5
2.650719 8 6 -1
3.632467 5 1 0
5.301438 7 7 1
0.392699 7 3 2
2.847068 5 4 0
0
2430 2070 0 0 0.000000 0.000000 0.000000 0.000000 933 301 531294 1483 0 0 6
3.239767 9 6 -1
1.079922 7 0 0
5.399612 7 1 0
0.785398 4 1 0
3.436117 5 7 1
3.730641 5 7 2
0
2638 119 -575 69 -21.896902 15.165749 0.426432 0.193974 824 146 539550 1483 0 0 6
1.767146 8 5 -1
1.570796 7 3 0
0.490874 7 2 1
0.589049 5 6 1
1.865321 5 2 1
0.392699 7 1 2
0
2610 270 0 0 0.000000 0.000000 0.000000 0.000000 459 1539 503373 1483 0 0 6
0.098175 8 1 -1
1.865321 7 7 0
3.926991 5 7 1
3.141593 4 5 1
5.694137 6 6 3
5.988661 4 5 1
0
2532 505 -100 531 -92.732487 43.073158 4.212645 0.302491 1026 1473 500515 1483 0 0 6
4.516039 7 3 -1
1.178097 4 4 0
5.203263 5 2 0
5.694137 5 4 1
2.945243 6 4 3
3.926991 6 6 2
0
2610 630 0 0 0.000000 0.000000 0.000000 0.000000 78 10 535236 1483 0 0 6
2.650719 7 6 -1
5.399612 7 8 0
1.276272 7 2 1
2.650719 6 1 0
5.006913 5 4 2
2.454369 5 0 0
0
2610 810 0 0 0.000000 0.000000 0.000000 0.000000 848 132 499480 1483 0 0 5
4.221515 7 5 -1
0.196350 4 7 0
5.301438 4 7 1
0.883573 5 2 0
6.185011 6 4 0
0
2599 1045 79 116 28.110561 57.908992 4.821134 -0.665055 949 161 521141 1483 0 0 5
1.178097 9 3 -1
0.392699 4 8 0
5.694137 5 2 1
4.810564 6 8 0
3.632467 7 1 3
0
2610 1170 0 0 0.000000 0.000000 0.000000 0.000000 946 30 517428 1483 0 0 5
6.086836 7 6 -1
2.159845 4 1 0
4.221515 5 8 1
3.828816 5 6 2
3.141593 7 0 0
0
2624 1382 101 512 19.945572 26.806209 5.245919 -0.471829 716 56 524134 1483 0 0 6
2.847068 9 0 -1
3.926991 6 8 0
1.178097 6 7 1
1.079922 7 4 0
2.159845 5 3 2
4.810564 6 2 1
0
2610 1530 0 0 0.000000 0.000000 0.000000 0.000000 833 108 510762 1483 0 0 7
1.178097 7 0 -1
1.178097 5 7 0
4.025166 5 8 0
5.399612 5 0 0
6.086836 7 7 3
5.792311 5 7 1
2.748894 5 4 1
0
2640 1725 488 573 13.899916 7.114237 0.709525 0.322747 6 306 519140 1483 0 0 7
2.159845 8 1 -1
3.436117 6 8 0
5.105088 7 8 0
4.516039 5 0 2
5.694137 5 3 1
2.258020 4 4 4
0.981748 6 3 5
0
2610 1890 0 0 0.000000 0.000000 0.000000 0.000000 930 1056 512462 1483 0 0 5
5.399612 9 8 -1
1.276272 4 8 0
0.196350 4 1 1
3.141593 6 2 2
3.926991 6 6 0
0
2610 2070 0 0 0.000000 0.000000 0.000000 0.000000 1046 1081 515305 1483 0 0 7
2.847068 8 4 -1
3.239767 7 1 0
0.589049 7 5 0
1.865321 5 1 0
3.239767 5 6 1
5.301438 7 4 4
1.668971 6 5 0
0
2790 90 0 0 0.000000 0.000000 0.000000 0.000000 1302 1066 522762 1483 0 0 5
2.356194 9 4 -1
5.203263 7 6 0
1.767146 6 0 0
5.890486 4 5 2
2.650719 7 0 0
0
2785 298 637 899 3.773447 15.461374 5.926173 -0.162397 383 297 540174 1483 0 0 7
0.196350 7 1 -1
5.006913 6 1 0
3.828816 4 1 1
1.276272 7 7 1
1.570796 7 3 1
2.748894 6 6 0
4.712389 4 2 0
0
2790 450 0 0 0.000000 0.000000 0.000000 0.000000 1129 265 487481 1483 0 0 7
2.356194 9 8 -1
2.552544 5 7 0
3.337942 5 7 1
5.203263 5 4 1
3.926991 6 7 1
5.105088 4 1 0
5.694137 4 7 1
0
2797 619 -240 -680 -16.526486 -27.868476 4.807076 -0.671450 1027 11 514192 1483 0 0 5
1.668971 7 3 -1
4.025166 6 0 0
3.730641 4 4 1
1.374447 4 2 2
4.908739 7 7 2
0
2855 769 173 35 67.057362 11.448815 4.638377 -0.748187 696 72 501464 1483 0 0 5
1.079922 9 3 -1
4.123340 5 1 0
0.196350 5 6 1
3.828816 4 4 2
0.294524 5 7 1
0
2790 990 0 0 0.000000 0.000000 0.000000 0.000000 341 638 536585 1483 0 0 6
3.730641 7 2 -1
0.883573 6 6 0
5.203263 7 1 0
5.399612 6 5 0
2.159845 5 2 2
6.185011 5 7 0
0
2800 1203 -749 975 -6.726064 25.021147 5.861440 -0.191843 515 182 533686 1483 0 0 7
5.792311 9 5 -1
0.000000 7 0 0
5.006913 7 2 1
5.988661 4 0 0
0.589049 6 8 0
5.399612 5 6 0
5.006913 5 3 0
0
2757 1334 -210 -655 -15.136944 -7.606302 5.716010 -0.257995 65 27 508936 1483 0 0 7
5.792311 8 5 -1
5.301438 7 8 0
2.847068 6 6 0
5.497787 4 1 2
2.552544 5 0 3
1.767146 5 3 3
0.196350 5 4 1
0
2790 1530 0 0 0.000000 0.000000 0.000000 0.000000 29 286 540949 1483 0 0 5
5.988661 9 6 -1
5.595962 6 0 0
1.767146 7 1 0
4.123340 7 1 2
4.614214 6 5 0
0
2790 1710 0 0 0.000000 0.000000 0.000000 0.000000 1446 139 499480 1483 0 0 5
6.185011 7 8 -1
5.399612 6 5 0
0.687223 5 5 1
0.000000 6 4 1
2.454369 5 0 1
0
2790 1890 0 0 0.000000 0.000000 0.000000 0.000000 924 231 491388 1483 0 0 5
1.472622 9 5 -1
6.185011 7 7 0
3.632467 6 7 0
1.276272 5 7 0
4.417865 4 1 2
0
2771 2074 -780 745 -19.593337 10.064593 1.551329 1.667603 574 1276 498627 1483 0 0 6
4.417865 8 6 -1
0.490874 7 7 0
3.534292 7 5 0
5.497787 6 0 2
6.086836 7 8 2
3.632467 7 3 4
0
2970 90 0 0 0.000000 0.000000 0.000000 0.000000 612 1122 547126 1483 0 0 5
4.712389 7 1 -1
5.006913 7 0 0
3.436117 6 7 1
3.828816 4 2 0
4.221515 4 2 2
0
2970 270 0 0 0.000000 0.000000 0.000000 0.000000 1358 911 512649 1483 0 0 7
5.792311 7 5 -1
1.865321 5 0 0
3.043418 4 6 1
3.239767 5 2 0
2.356194 5 4 3
5.105088 7 6 1
1.668971 4 4 0
0
2970 450 0 0 0.000000 0.000000 0.000000 0.000000 736 953 505223 1483 0 0 7
0.196350 7 6 -1
5.988661 4 2 0
5.890486 4 1 1
5.105088 7 4 0
2.258020 6 6 3
0.098175 4 6 0
0.981748 5 8 5
0
2889 696 -298 658 -37.014047 30.352002 0.846537 1.112516 58 1657 526516 1483 0 0 6
5.595962 8 2 -1
5.792311 4 8 0
5.006913 5 3 1
2.552544 7 6 0
0.687223 6 3 0
2.061670 6 2 4
0
2984 830 -642 625 -10.710711 7.153615 5.769107 0.410352 967 1325 539456 1483 0 0 7
5.694137 7 8 -1
0.883573 7 2 0
2.159845 4 6 1
6.185011 6 4 1
0.098175 6 0 1
3.828816 7 1 0
5.006913 6 3 4
0
2945 989 -478 -930 -10.055000 -24.867792 5.232039 -0.589788 1190 900 559550 1483 0 0 6
2.650719 7 1 -1
2.061670 7 0 0
0.589049 6 1 1
4.712389 5 7 2
0.981748 7 3 1
1.374447 7 2 4
0
2970 1170 0 0 0.000000 0.000000 0.000000 0.000000 1074 39 550978 1483 0 0 7
1.472622 8 2 -1
2.847068 5 1 0
1.079922 7 1 0
4.712389 4 8 1
0.589049 7 1 0
0.098175 6 4 0
5.988661 7 7 2
0
2830 1269 154 -947 18.634644 -166.059922 2.787968 -1.589897 1194 217 485290 1483 0 0 7
5.890486 8 6 -1
1.178097 4 6 0
1.963495 5 8 0
0.883573 7 3 0
3.436117 5 3 0
3.043418 5 3 3
0.687223 5 5 0
0
2970 1530 0 0 0.000000 0.000000 0.000000 0.000000 1033 1320 504694 1483 0 0 5
0.294524 8 1 -1
6.185011 7 5 0
5.203263 7 5 1
4.123340 6 6 0
3.141593 7 7 0
0
2970 1710 0 0 0.000000 0.000000 0.000000 0.000000 1193 61 526039 1483 0 0 7
2.847068 8 4 -1
3.239767 6 1 0
1.668971 5 0 1
2.258020 6 2 1
1.374447 6 7 2
4.319690 4 5 1
4.712389 6 7 5
0
2964 1875 345 784 18.849676 23.354281 4.790674 -0.678910 793 198 524844 1483 0 0 7
5.203263 7 1 -1
1.767146 7 3 0
1.079922 4 2 1
0.883573 4 1 2
0.785398 4 7 3
5.006913 6 4 3
4.712389 7 8 3
0
2970 2070 0 0 0.000000 0.000000 0.000000 0.000000 590 888 503603 1483 0 0 6
6.086836 8 5 -1
5.006913 4 4 0
0.392699 6 6 0
1.079922 7 0 1
3.239767 5 7 1
1.963495 5 5 1
0
3309 240 -885 229 -42.353515 187.930662 2.252266 2.901268 1224 794 510557 1483 0 0 7
2.552544 8 3 -1
0.294524 5 3 0
2.454369 7 7 1
1.079922 4 2 2
0.098175 7 3 2
3.436117 5 2 2
4.516039 5 3 4
0
3150 270 0 0 0.000000 0.000000 0.000000 0.000000 1418 272 559946 1483 0 0 5
4.516039 8 2 -1
0.883573 5 5 0
0.981748 4 2 1
2.748894 7 2 1
6.086836 7 1 3
0
3150 450 0 0 0.000000 0.000000 0.000000 0.000000 980 26 516814 1483 0 0 5
2.061670 9 4 -1
3.043418 6 8 0
0.589049 5 1 0
1.963495 6 0 0
0.883573 5 6 1
0
3120 671 -300 40 -13.812970 18.699782 1.878065 -1.253427 95 1094 525318 1483 0 0 6
2.356194 9 3 -1
4.221515 7 8 0
4.025166 5 1 0
5.399612 4 2 2
3.436117 6 4 0
0.785398 5 0 0
0
3150 814 -566 -704 -9.697123 -9.402828 5.902966 -0.627966 650 1548 517891 1483 0 0 6
0.687223 7 5 -1
2.454369 6 8 0
5.890486 5 7 0
0.785398 7 1 0
1.668971 5 1 2
4.516039 5 3 4
0
3150 990 0 0 0.000000 0.000000 0.000000 0.000000 1082 1671 497032 1483 0 0 7
0.294524 9 7 -1
5.399612 4 8 0
5.203263 5 7 1
5.792311 7 2 1
3.730641 4 5 3
0.392699 6 7 2
4.025166 5 4 2
0
3192 1209 934 -748 39.949450 -5.529984 5.605911 -0.308077 790 26 522690 1483 0 0 5
6.086836 9 2 -1
0.098175 6 7 0
1.767146 5 1 0
1.079922 7 3 0
3.043418 6 7 2
0
3150 1350 0 0 0.000000 0.000000 0.000000 0.000000 700 309 536109 1483 0 0 6
2.945243 9 0 -1
1.374447 7 7 0
2.945243 7 4 0
4.810564 5 0 1
2.552544 6 2 3
2.847068 4 7 0
0
3086 1577 -641 -11 -71.169625 -17.060322 4.642882 -2.045658 1269 1375 538108 1483 0 0 7
0.981748 7 2 -1
4.712389 6 3 0
1.079922 7 1 0
4.614214 5 4 2
4.908739 5 1 2
2.061670 7 3 1
0.785398 7 8 5
0
3150 1710 0 0 0.000000 0.000000 0.000000 0.000000 96 37 482515 1483 0 0 5
1.374447 8 6 -1
2.356194 5 8 0
4.123340 5 8 0
1.767146 6 6 0
2.945243 6 7 3
0
3150 1890 0 0 0.000000 0.000000 0.000000 0.000000 653 1283 557927 1483 0 0 6
2.552544 9 2 -1
5.497787 7 7 0
0.883573 4 1 1
4.319690 4 1 2
4.712389 4 0 1
3.926991 7 1 4
0
3143 2034 -69 -356 -18.395668 -1.972369 0.443443 0.487615 598 1067 528270 1483 0 0 5
3.141593 8 2 -1
0.000000 7 3 0
3.730641 7 2 0
0.981748 6 6 1
4.908739 4 7 0
0
3330 90 0 0 0.000000 0.000000 0.000000 0.000000 1072 1206 496746 1483 0 0 5
4.025166 8 8 -1
2.552544 7 7 0
4.908739 6 1 1
5.105088 7 7 2
0.490874 4 8 3
0
3349 248 -12 161 -2.471453 13.105528 1.415400 2.179850 836 1470 513618 1483 0 0 7
0.589049 9 6 -1
2.650719 6 7 0
4.221515 5 0 0
5.006913 6 0 1
6.185011 6 3 0
3.043418 6 6 3
0.687223 7 3 0
0
3330 450 0 0 0.000000 0.000000 0.000000 0.000000 426 1292 528326 1483 0 0 5
5.792311 7 1 -1
0.098175 5 7 0
4.025166 4 2 0
2.258020 4 0 0
3.632467 6 4 0
0
3330 630 0 0 0.000000 0.000000 0.000000 0.000000 1054 256 498515 1483 0 0 5
4.025166 9 4 -1
5.301438 7 8 0
5.105088 5 6 0
0.196350 5 1 2
0.294524 7 6 0
0
3330 810 0 0 0.000000 0.000000 0.000000 0.000000 76 795 525901 1483 0 0 6
0.981748 7 5 -1
3.141593 5 2 0
5.301438 5 4 1
0.490874 5 1 2
2.748894 4 0 1
4.810564 4 4 4
0
3250 963 -344 -131 -100.428059 5.101678 3.035744 -1.477189 1081 53 521659 1483 0 0 6
0.785398 7 2 -1
2.847068 5 0 0
3.239767 4 6 1
4.319690 5 3 2
2.552544 6 3 0
4.614214 7 6 0
0
3279 1142 -549 -40 21.467766 -39.124302 1.279295 0.581923 938 163 502041 1483 0 0 5
2.061670 7 7 -1
2.356194 5 4 0
3.239767 6 2 1
4.516039 6 8 2
1.767146 7 3 0
0
3330 1350 0 0 0.000000 0.000000 0.000000 0.000000 68 294 497414 1483 0 0 5
2.159845 7 7 -1
0.589049 7 4 0
2.159845 5 8 1
3.043418 5 2 0
5.203263 4 7 2
0
3340 1533 -980 -658 -2.442074 -7.205512 5.196244 -0.588499 1025 721 520608 1483 0 0 7
5.988661 8 8 -1
2.454369 5 2 0
1.079922 4 7 1
2.650719 5 3 1
1.767146 5 7 3
0.981748 4 1 0
5.105088 5 1 5
0
3302 1697 -103 -585 -19.586673 -32.622519 1.301714 1.073776 620 1336 520353 1483 0 0 7
5.399612 7 5 -1
5.105088 5 4 0
4.025166 6 1 0
4.319690 4 5 0
4.810564 7 3 1
0.490874 7 8 4
2.356194 7 2 3
0
3330 1890 0 0 0.000000 0.000000 0.000000 0.000000 810 11 527058 1483 0 0 5
2.552544 8 0 -1
1.767146 4 4 0
1.178097 6 7 0
2.650719 5 6 2
5.006913 7 2 2
0
3268 2011 -156 -962 -28.304833 -27.305813 0.411202 0.187047 3 95 519047 1483 0 0 5
5.399612 9 3 -1
5.399612 7 4 0
5.595962 7 2 0
1.374447 6 5 0
0.883573 4 1 2
0
3510 90 0 0 0.000000 0.000000 0.000000 0.000000 557 1258 531551 1483 0 0 6
5.792311 7 7 -1
0.883573 6 0 0
2.061670 5 7 0
3.828816 6 2 0
2.945243 7 8 2
1.865321 7 0 2
0
3510 270 0 0 0.000000 0.000000 0.000000 0.000000 103 203 499849 1483 0 0 6
5.399612 7 4 -1
0.294524 6 8 0
3.436117 6 1 1
5.988661 4 6 2
4.516039 6 7 1
2.159845 6 5 1
0
3510 450 0 0 0.000000 0.000000 0.000000 0.000000 810 719 522771 1483 0 0 7
3.436117 8 5 -1
4.516039 6 7 0
4.810564 7 2 1
4.810564 4 2 1
5.301438 4 2 0
1.767146 7 4 1
5.203263 4 4 4
0
3510 630 0 0 0.000000 0.000000 0.000000 0.000000 573 129 493701 1483 0 0 6
1.079922 7 7 -1
4.614214 4 1 0
0.490874 5 4 0
1.374447 6 5 0
0.687223 7 5 3
5.105088 5 5 4
0
3510 810 0 0 0.000000 0.000000 0.000000 0.000000 312 48 517294 1483 0 0 5
5.399612 8 4 -1
0.981748 7 0 0
4.025166 7 5 1
1.079922 4 5 2
4.221515 4 0 3
0
3459 1023 -612 584 -41.172660 20.697009 0.193507 0.088022 671 86 499862 1483 0 0 7
4.810564 7 7 -1
1.767146 6 7 0
3.141593 7 5 1
3.436117 6 3 1
4.908739 5 5 1
1.570796 7 1 3
0.981748 7 4 3
0
3510 1170 0 0 0.000000 0.000000 0.000000 0.000000 1107 834 492610 1483 0 0 6
4.908739 8 7 -1
3.534292 7 5 0
5.105088 6 8 1
3.239767 4 2 0
3.043418 5 8 2
2.159845 5 4 1
0
3532 1329 9 -977 19.232949 -18.227690 5.784759 -0.226723 1116 115 553835 1483 0 0 7
3.043418 8 0 -1
0.687223 6 0 0
3.043418 4 0 0
4.025166 7 1 1
5.301438 5 8 1
0.196350 4 3 0
4.025166 5 5 1
0
3499 1537 -865 -134 -17.810947 -19.739387 1.716321 0.780717 253 218 482077 1483 0 0 5
3.043418 9 8 -1
6.185011 7 8 0
1.865321 6 3 1
0.490874 6 7 1
2.748894 6 6 3
0
3430 1708 -684 534 -95.905617 47.663711 3.289616 1.496373 414 38 522872 1483 0 0 5
5.988661 9 3 -1
3.239767 7 7 0
2.258020 7 1 0
2.650719 6 3 1
2.159845 6 2 1
0
3510 1890 0 0 0.000000 0.000000 0.000000 0.000000 1087 1489 527430 1483 0 0 6
5.105088 7 5 -1
1.472622 4 4 0
6.185011 7 0 0
2.650719 4 0 0
4.810564 4 1 3
1.668971 5 8 4
0
3507 2072 -378 -154 -23.047029 -17.863154 0.066498 -0.295057 1060 1341 545686 1483 0 0 5
0.883573 7 1 -1
3.436117 4 3 0
2.748894 6 2 0
4.516039 7 2 0
2.159845 5 5 1
0
1
0 240 864 1046 1008 1046 901 972 809 1017 937 2240000000 2240000000 2240000000
0
