21860
2232124290
2227559229
2229327207
241
90 90 0 0 0.000000 0.000000 0.000000 0.000000 1280 -4 694662 21860 0 0 6
4.221515 9 0 -1
5.203263 6 6 0
1.374447 4 4 1
0.196350 6 8 1
2.650719 7 7 2
3.436117 5 2 2
0
27 181 692 748 4.069462 20.151849 2.610559 -1.489620 1162 1110 928697 21860 0 0 6
3.632467 9 2 -1
0.196350 4 1 0
1.178097 6 1 0
1.374447 6 3 1
4.319690 4 4 1
5.694137 4 5 3
0
90 450 0 0 0.000000 0.000000 0.000000 0.000000 1285 1501 397220 21860 0 0 7
1.668971 8 7 -1
5.890486 4 7 0
1.963495 6 2 1
1.472622 7 5 2
4.908739 5 6 2
4.810564 5 6 4
6.185011 4 5 4
0
242 604 263 384 14.396459 6.422068 0.103644 0.155613 301 172 75857 20938 0 0 7
0.981748 7 4 -1
1.668971 4 7 0
4.810564 6 2 1
0.098175 6 1 1
3.239767 4 4 2
4.221515 4 5 0
0.294524 4 3 3
0
90 810 0 0 0.000000 0.000000 0.000000 0.000000 292 470 441994 21860 0 0 6
5.203263 8 6 -1
4.123340 4 8 0
5.105088 5 4 0
4.221515 4 8 1
3.141593 7 8 0
3.436117 6 1 0
0
154 743 -845 -284 -12.840382 -2.129458 6.123186 0.253767 1133 823 473910 21860 0 0 6
5.595962 7 8 -1
4.614214 7 4 0
3.730641 7 5 1
4.810564 4 8 2
3.632467 4 3 0
1.767146 6 1 3
0
217 1302 -780 661 -10.500862 25.862664 4.592410 0.192104 597 809 184763 21860 0 0 7
4.221515 8 6 -1
5.792311 6 7 0
5.595962 5 4 0
2.552544 6 7 1
0.981748 6 3 0
3.534292 6 8 3
1.472622 7 8 5
0
47 1633 -326 124 -2.562814 -11.873130 2.986989 -0.134555 1291 881 561783 21860 0 0 7
0.294524 7 4 -1
1.668971 7 3 0
1.668971 4 2 0
2.847068 7 0 2
4.614214 5 8 1
0.294524 6 7 0
4.025166 6 7 4
0
90 1530 0 0 0.000000 0.000000 0.000000 0.000000 845 1281 422857 21860 0 0 5
3.730641 8 8 -1
0.490874 6 5 0
5.105088 6 7 1
1.374447 4 8 0
5.203263 5 0 3
0
322 1547 94 -828 33.760809 -22.202413 1.858716 0.215782 247 614 623395 21860 0 0 5
0.098175 9 7 -1
5.694137 7 2 0
3.926991 7 8 1
3.926991 4 2 0
3.239767 7 3 2
0
90 1890 0 0 0.000000 0.000000 0.000000 0.000000 361 663 599058 21860 0 0 5
0.294524 7 5 -1
2.552544 5 7 0
3.926991 5 0 0
4.810564 6 4 2
2.159845 4 0 1
0
531 2137 581 -778 52.027826 -14.315556 5.261638 -0.426799 838 228 548383 21860 0 0 7
3.239767 8 3 -1
3.926991 7 7 0
0.981748 4 4 1
2.258020 6 4 0
2.748894 5 0 2
3.043418 5 8 4
4.712389 4 0 2
0
270 90 0 0 0.000000 0.000000 0.000000 0.000000 778 1221 717401 21860 0 0 6
2.552544 8 8 -1
5.301438 4 1 0
0.000000 4 6 0
3.828816 5 1 0
3.828816 4 1 0
5.988661 6 6 1
0
270 270 0 0 0.000000 0.000000 0.000000 0.000000 481 1097 256035 21860 0 0 5
1.178097 9 6 -1
5.301438 6 7 0
3.141593 5 4 1
2.061670 7 4 0
2.258020 5 4 2
0
2644 1189 0 0 0.000000 0.000000 5.966242 0.000000 156 901 561681 2265 0 0 6
4.712389 9 2 -1
3.926991 6 5 0
1.374447 5 0 1
2.748894 4 7 2
3.239767 6 0 2
4.221515 5 2 4
0
274 648 942 538 1.919588 7.678354 5.562446 -0.290462 568 272 526962 21360 0 0 6
0.294524 9 2 -1
3.141593 7 4 0
1.079922 6 2 0
5.694137 6 6 0
4.025166 7 4 1
5.988661 5 5 2
0
456 1087 48 -128 27.734865 -17.152172 2.411046 -0.263778 50 1332 845112 21860 0 0 7
3.828816 8 7 -1
1.079922 7 2 0
3.534292 6 0 0
1.079922 7 5 2
4.712389 6 3 1
3.828816 5 3 0
6.086836 6 2 0
0
270 990 0 0 0.000000 0.000000 0.000000 0.000000 781 1007 662509 21860 0 0 6
5.694137 7 7 -1
1.570796 7 2 0
4.908739 4 8 1
4.123340 7 2 1
1.079922 4 8 2
2.159845 6 8 0
0
16 1095 0 638 0.000000 11.889994 3.448162 -1.354632 36 957 809724 21860 0 0 5
5.988661 9 2 -1
3.043418 7 3 0
0.687223 4 5 0
2.159845 5 8 1
4.221515 6 2 0
0
12 1542 0 534 0.000000 17.069143 4.532757 0.323127 762 547 396860 21860 0 0 7
4.908739 7 6 -1
0.687223 4 3 0
3.632467 4 1 0
3.534292 4 7 2
5.006913 7 6 3
1.570796 5 4 3
2.454369 4 6 2
0
7 1970 0 -313 0.000000 -20.933093 0.852989 -0.426602 129 867 713263 21860 0 0 5
6.086836 8 2 -1
5.988661 5 4 0
3.926991 4 1 1
0.589049 7 3 2
0.392699 4 5 0
0
270 1710 0 0 0.000000 0.000000 0.000000 0.000000 1135 546 805040 21860 0 0 5
3.043418 7 1 -1
1.767146 5 1 0
0.196350 4 0 1
5.301438 4 4 1
2.454369 6 7 3
0
332 1833 531 245 33.766968 -7.249376 0.513377 -0.406352 1334 657 441994 21860 0 0 5
1.865321 9 7 -1
3.239767 6 1 0
2.552544 6 6 1
2.159845 4 3 2
5.203263 6 7 1
0
153 1913 699 -292 59.734502 -24.798904 3.919372 -0.440168 770 786 502552 21860 0 0 5
3.632467 9 6 -1
2.258020 4 8 0
1.276272 6 3 1
5.399612 7 3 1
2.847068 6 2 3
0
450 90 0 0 0.000000 0.000000 0.000000 0.000000 345 1590 831652 21860 0 0 5
2.847068 9 6 -1
5.203263 4 0 0
3.141593 7 2 1
3.632467 6 6 2
4.123340 6 1 2
0
277 348 -825 691 -12.851572 36.936891 1.823599 -1.205766 822 1177 708430 21860 0 0 6
2.258020 9 5 -1
5.203263 6 0 0
3.436117 7 3 0
1.178097 7 6 1
3.828816 7 5 0
5.890486 7 0 4
0
389 472 -863 300 -1.212815 0.758009 2.620125 -0.065264 39 536 543025 21095 0 0 6
3.239767 8 5 -1
2.454369 5 2 0
2.748894 7 6 0
5.497787 5 4 2
2.650719 4 6 0
5.301438 6 0 0
0
450 630 0 0 0.000000 0.000000 0.000000 0.000000 236 547 944638 21860 0 0 5
0.000000 9 0 -1
4.712389 7 2 0
5.988661 4 5 0
0.883573 7 5 0
0.687223 4 1 1
0
450 810 0 0 0.000000 0.000000 0.000000 0.000000 674 624 722390 21860 0 0 5
5.105088 9 2 -1
4.319690 7 2 0
5.399612 7 2 0
3.828816 7 1 0
3.632467 7 8 2
0
318 1092 -749 -688 -19.124315 -28.911836 3.786664 0.876893 492 1295 218529 21860 0 0 6
2.552544 9 8 -1
3.534292 6 7 0
4.123340 7 8 1
4.319690 7 6 0
6.086836 6 4 2
5.399612 6 3 3
0
3017 269 0 0 0.000000 0.000000 0.000000 0.000000 561 188 521400 843 0 0 5
2.454369 9 1 -1
5.890486 7 2 0
2.454369 6 2 1
3.337942 4 6 2
3.436117 6 6 1
0
334 1230 -255 -420 -26.236592 -36.674777 3.211186 0.057988 526 556 796069 21860 0 0 6
0.687223 8 5 -1
2.061670 5 1 0
4.712389 6 2 1
2.748894 6 3 0
5.792311 5 1 2
5.203263 6 8 4
0
449 1535 -387 521 -1.545864 7.729319 6.040484 -0.353848 1035 683 617201 21500 0 0 6
4.123340 8 5 -1
0.785398 7 5 0
1.668971 6 6 0
0.098175 6 5 0
2.258020 5 0 3
1.767146 4 7 3
0
450 1710 0 0 0.000000 0.000000 0.000000 0.000000 676 539 584689 21860 0 0 5
2.159845 9 7 -1
4.516039 6 8 0
0.392699 6 7 1
1.472622 5 0 2
5.988661 6 0 0
0
450 1890 0 0 0.000000 0.000000 0.000000 0.000000 1334 1177 716325 21860 0 0 5
3.730641 8 2 -1
2.945243 4 0 0
2.061670 7 2 1
2.650719 4 1 0
6.185011 5 0 2
0
546 2002 974 -259 14.067632 -4.522355 0.902725 -1.097652 873 825 962182 21860 0 0 6
4.516039 8 2 -1
5.497787 4 8 0
0.589049 4 8 0
1.276272 6 1 1
4.516039 7 1 2
1.276272 7 3 0
0
2605 2085 -700 680 -6.134172 13.801888 3.627547 -0.508375 843 81 345885 11386 0 0 7
4.025166 8 8 -1
5.988661 4 7 0
5.301438 7 7 0
4.319690 5 3 2
0.294524 7 3 1
4.025166 7 3 1
4.025166 7 7 3
0
126 169 -494 -413 -112.720843 -70.173975 5.211078 -2.119992 933 816 681849 21860 0 0 6
5.203263 7 3 -1
0.589049 6 3 0
0.687223 6 0 0
5.203263 4 7 0
1.374447 7 5 0
2.159845 6 2 1
0
3510 630 0 0 0.000000 0.000000 0.000000 0.000000 966 85 853686 21860 0 0 5
0.000000 7 6 -1
5.203263 5 8 0
4.221515 6 2 0
5.006913 6 1 1
0.196350 5 1 0
0
653 623 551 -622 0.015690 -0.005230 1.876967 0.001229 588 566 497108 21469 0 0 5
4.221515 9 5 -1
4.221515 6 5 0
5.105088 7 4 1
3.141593 7 6 2
0.883573 4 5 2
0
630 810 0 0 0.000000 0.000000 0.000000 0.000000 380 -14 740826 21860 0 0 7
3.828816 7 2 -1
1.276272 7 2 0
4.908739 7 0 0
1.079922 6 0 2
6.185011 7 8 1
1.374447 6 2 3
3.337942 5 6 4
0
474 930 612 -290 13.329312 -29.988677 3.687836 -1.192824 286 1160 637403 21860 0 0 6
2.061670 9 8 -1
2.847068 7 0 0
4.319690 4 3 1
5.399612 4 2 0
5.006913 5 6 1
5.694137 7 5 0
0
630 1170 0 0 0.000000 0.000000 0.000000 0.000000 78 577 522629 21860 0 0 5
3.043418 8 4 -1
5.203263 7 2 0
0.392699 7 4 1
5.694137 4 4 2
1.767146 7 6 0
0
392 418 0 0 0.000000 0.000000 4.008857 0.000000 215 244 534437 4908 0 0 6
3.239767 8 5 -1
2.454369 5 2 0
2.748894 7 6 0
5.497787 5 4 2
2.650719 4 6 0
5.301438 6 0 0
0
734 1536 -490 373 -58.109496 36.808600 3.713399 0.345422 1279 413 533415 21860 0 0 6
2.258020 8 0 -1
5.595962 7 3 0
3.828816 6 2 0
2.258020 5 0 0
3.239767 4 1 0
0.294524 7 4 1
0
840 1476 -530 820 -4.622588 3.700795 2.609928 -0.682640 25 271 533414 1312 0 0 6
2.258020 8 0 -1
5.595962 7 3 0
3.828816 6 2 0
2.258020 5 0 0
3.239767 4 1 0
0.294524 7 4 1
0
600 1887 -343 -811 -1.342414 -0.167802 1.916140 0.084383 91 850 940733 21860 0 0 7
1.865321 7 1 -1
3.239767 4 5 0
0.785398 7 0 1
3.141593 4 6 1
2.552544 4 5 3
0.000000 7 6 2
0.098175 7 2 0
0
699 2043 -816 255 -13.006905 52.183141 2.888299 -0.419672 750 1207 685788 21860 0 0 5
4.221515 8 8 -1
2.061670 7 2 0
0.589049 6 3 0
5.105088 7 6 0
0.392699 5 2 2
0
808 8 1 -745 21.974672 -33.838309 5.981689 0.537851 615 405 450322 21860 0 0 5
2.847068 9 8 -1
2.258020 7 3 0
2.061670 6 1 0
2.061670 6 7 0
3.730641 6 6 0
0
764 311 569 908 9.520326 15.363108 3.715295 -0.015044 634 160 466430 21860 0 0 6
2.159845 8 8 -1
2.650719 6 5 0
0.196350 6 0 1
3.632467 4 3 2
4.810564 5 6 3
5.595962 7 5 4
0
1107 241 40 -414 9.142219 0.295133 5.423222 -0.960808 156 220 889286 21860 0 0 6
4.221515 8 1 -1
1.570796 6 1 0
0.294524 5 3 0
3.632467 4 0 0
6.185011 7 4 1
5.792311 5 3 2
0
786 368 770 802 9.987178 2.881332 4.983174 -0.135230 217 776 791890 21860 0 0 5
4.319690 8 1 -1
2.061670 7 1 0
2.650719 6 3 0
5.792311 6 7 2
4.319690 5 6 2
0
810 810 0 0 0.000000 0.000000 0.000000 0.000000 39 843 825146 21860 0 0 5
5.006913 7 1 -1
3.730641 4 2 0
3.730641 6 2 0
1.178097 7 4 2
1.570796 7 7 0
0
1206 1062 184 -728 40.026249 -15.701039 4.608604 -0.907044 729 642 650267 21860 0 0 7
5.006913 8 5 -1
1.570796 7 2 0
5.792311 6 4 1
0.490874 5 7 1
2.847068 4 4 3
1.472622 5 1 2
2.847068 7 3 4
0
791 1159 -652 -701 -0.325865 -0.195519 1.730820 0.028254 536 1060 773727 21860 0 0 7
3.632467 9 6 -1
1.865321 5 8 0
5.399612 5 7 1
2.454369 6 0 1
4.221515 7 2 2
1.178097 5 0 0
2.847068 4 7 0
0
789 1376 -738 492 -0.000700 0.001399 4.187677 -0.000079 785 35 490713 21860 0 0 6
2.650719 9 8 -1
0.392699 5 8 0
1.374447 4 4 0
2.258020 4 5 0
4.417865 7 1 2
1.865321 4 6 1
0
810 1530 0 0 0.000000 0.000000 0.000000 0.000000 1149 781 269531 21860 0 0 5
0.392699 8 7 -1
5.595962 4 5 0
1.570796 4 4 1
1.374447 5 5 0
5.988661 7 6 2
0
3539 1327 -947 -856 -9.122116 -6.081411 2.855096 0.431373 788 463 691013 21376 0 0 5
3.436117 7 1 -1
2.454369 5 5 0
2.258020 7 6 1
3.141593 6 8 2
5.595962 7 6 0
0
821 1895 -406 -882 -15.866113 -23.780050 2.152445 1.255903 498 879 645106 21860 0 0 7
3.043418 7 3 -1
3.534292 4 2 0
2.454369 4 6 0
1.570796 7 0 1
6.185011 5 1 2
5.694137 7 0 4
1.276272 4 1 3
0
709 1695 983 -493 92.472794 -48.181010 3.676779 -2.674472 969 1524 924093 21220 0 0 6
6.086836 7 4 -1
2.552544 5 3 0
3.239767 5 3 0
0.098175 7 2 1
5.006913 5 1 2
3.141593 4 3 3
1
1350 2070 0 0 0.000000 0.000000 0.000000 0.000000 297 1421 538031 5616 7 500 5
3.141593 8 7 -1
4.025166 4 2 0
3.632467 5 2 1
0.589049 5 1 0
2.552544 7 7 1
990 90 0 0 0.000000 0.000000 0.000000 0.000000 979 1468 445830 21860 0 0 5
0.981748 7 8 -1
2.650719 5 4 0
0.785398 5 0 0
2.258020 7 4 0
5.497787 7 4 3
0
1116 27 -327 -777 -26.148269 -7.298647 3.898861 0.363238 1283 713 591012 21860 0 0 5
1.374447 9 0 -1
5.792311 5 3 0
0.294524 4 4 0
1.668971 5 8 1
1.963495 7 8 0
0
990 450 0 0 0.000000 0.000000 0.000000 0.000000 179 175 269531 21860 0 0 5
1.865321 9 6 -1
4.025166 6 5 0
1.570796 6 8 0
5.890486 6 6 0
1.276272 5 5 0
0
990 630 0 0 0.000000 0.000000 0.000000 0.000000 239 155 482045 21860 0 0 7
1.668971 7 2 -1
0.883573 5 6 0
3.043418 4 6 1
2.258020 5 7 2
5.399612 4 8 0
1.668971 5 4 2
3.141593 6 5 5
0
983 787 -681 -742 -0.004301 -0.012903 1.270079 0.000678 232 398 853109 21516 0 0 7
2.945243 8 2 -1
4.025166 6 1 0
6.086836 6 4 0
3.632467 6 6 1
5.301438 6 5 0
4.123340 6 6 1
3.632467 6 8 3
0
3510 810 0 0 0.000000 0.000000 0.000000 0.000000 75 624 911172 21860 0 0 5
5.792311 8 2 -1
0.196350 6 1 0
1.472622 4 8 1
0.196350 5 8 1
5.694137 6 0 3
0
1290 1149 460 -443 1.090641 -6.291670 5.272184 -0.287227 1226 359 565954 21860 0 0 5
3.043418 9 1 -1
4.025166 7 3 0
4.810564 7 5 1
5.792311 4 7 1
2.650719 7 7 3
0
1014 1330 180 -193 0.002440 -0.002033 0.477308 0.000047 974 494 555619 21568 0 0 5
5.497787 9 6 -1
0.196350 7 7 0
0.000000 4 6 0
4.221515 7 7 2
2.847068 5 2 1
0
994 2041 -5 -911 -14.136891 -6.993209 2.455128 -0.325332 934 674 776427 21860 0 0 7
6.185011 7 3 -1
0.196350 6 0 0
4.319690 6 5 1
4.614214 6 8 1
3.141593 6 1 1
3.730641 7 4 0
1.668971 4 1 5
0
990 1710 0 0 0.000000 0.000000 0.000000 0.000000 797 1166 499041 21860 0 0 6
3.828816 7 4 -1
2.258020 4 4 0
1.570796 5 5 0
1.570796 7 0 2
2.847068 4 7 2
2.650719 7 4 2
0
3047 1915 -189 -828 -53.799890 -17.728519 2.637162 0.272294 826 1068 481357 21860 0 0 6
4.908739 7 3 -1
0.196350 6 5 0
1.767146 4 3 0
2.159845 6 7 0
1.276272 6 2 0
1.865321 4 4 0
0
990 2070 0 0 0.000000 0.000000 0.000000 0.000000 763 1231 775923 21860 0 0 6
0.000000 8 2 -1
3.436117 6 7 0
2.847068 4 0 0
4.025166 4 0 0
5.792311 6 4 2
0.392699 4 4 3
0
1342 63 587 -626 10.717813 -10.074968 5.224884 0.351901 619 502 716417 21385 0 0 6
2.945243 7 7 -1
3.043418 6 3 0
5.105088 6 2 1
4.123340 4 6 0
1.079922 6 4 0
2.159845 5 4 2
0
1199 430 321 -289 21.815733 -26.496975 3.003490 -0.074910 639 733 818422 21860 0 0 6
2.356194 9 1 -1
2.552544 5 8 0
0.785398 6 3 1
4.810564 7 2 1
0.294524 4 5 3
2.454369 5 6 4
0
3402 2150 -354 0 -58.967968 0.000000 4.293838 0.137081 888 469 743640 21860 0 0 7
1.178097 7 6 -1
5.301438 5 1 0
4.221515 4 1 0
5.105088 4 1 0
5.595962 7 3 0
4.908739 4 3 4
5.988661 6 4 2
0
1170 630 0 0 0.000000 0.000000 0.000000 0.000000 1101 882 683007 21860 0 0 6
4.025166 8 2 -1
1.767146 4 4 0
1.570796 5 6 1
6.185011 7 0 1
3.534292 6 0 1
5.301438 7 2 2
0
1175 796 424 -412 0.000341 -0.001022 1.641826 0.000107 532 1011 849772 21860 0 0 6
1.963495 7 2 -1
3.534292 4 8 0
1.767146 4 1 0
5.595962 4 7 1
4.417865 7 2 0
4.123340 5 5 3
0
1133 903 50 204 15.856125 34.130278 4.253250 -0.496612 34 1792 450322 21860 0 0 6
3.043418 8 6 -1
4.614214 6 0 0
4.417865 5 8 0
0.589049 6 3 1
4.221515 5 7 1
4.516039 6 4 0
0
1144 1196 -211 303 -1.192965 1.192965 5.787242 -0.022308 956 744 859267 21561 0 0 5
1.472622 7 4 -1
4.417865 5 5 0
3.141593 6 5 1
0.981748 7 0 0
0.883573 5 1 0
0
1170 1350 0 0 0.000000 0.000000 0.000000 0.000000 1258 1290 676043 21860 0 0 5
1.374447 8 1 -1
1.276272 6 8 0
2.454369 4 7 0
4.614214 6 7 0
4.614214 5 0 2
0
1170 1530 0 0 0.000000 0.000000 0.000000 0.000000 -4 756 796262 21860 0 0 5
0.392699 8 7 -1
4.516039 4 1 0
4.221515 7 0 0
5.105088 7 2 0
3.043418 7 7 2
0
1470 1538 -445 -445 -17.480111 -14.527825 1.056079 -0.939968 175 148 347467 21860 0 0 7
1.374447 9 3 -1
3.436117 6 4 0
2.454369 7 7 1
1.472622 6 2 1
0.392699 7 8 0
5.890486 7 7 1
1.668971 6 8 2
0
1170 1890 0 0 0.000000 0.000000 0.000000 0.000000 378 579 404287 21860 0 0 5
5.497787 9 4 -1
4.516039 6 8 0
2.650719 7 4 1
1.767146 4 0 0
2.061670 5 4 1
0
1170 2070 0 0 0.000000 0.000000 0.000000 0.000000 825 55 854224 21860 0 0 5
0.196350 9 5 -1
3.534292 5 4 0
1.668971 7 1 0
5.203263 4 2 2
4.123340 6 1 1
0
3534 90 533 -119 1.390706 -16.026064 2.198509 -0.377325 406 354 770282 21860 0 0 5
3.239767 9 1 -1
2.945243 4 3 0
2.356194 5 7 0
4.614214 5 0 0
3.730641 7 6 0
0
1231 835 -151 644 -39.187693 53.366248 0.625071 2.100068 663 599 507103 21860 0 0 7
0.687223 9 3 -1
5.792311 4 6 0
4.810564 4 4 0
1.865321 7 2 1
0.687223 4 5 0
0.000000 6 5 3
2.159845 5 7 1
0
1433 367 -900 980 -138.686558 62.539102 5.658477 -3.013864 593 637 953213 21236 0 0 7
4.417865 9 5 -1
4.516039 4 3 0
0.883573 6 3 0
3.043418 4 3 0
4.221515 4 3 0
0.294524 7 6 2
4.319690 7 8 3
1
1222 389 352 -645 40.689432 -47.913738 5.320322 -0.747767 309 120 494903 983 7 500 7
5.497787 9 3 -1
2.159845 4 0 0
0.294524 4 5 1
4.417865 6 5 2
5.301438 4 5 1
4.025166 6 6 4
0.589049 5 7 2
1350 630 0 0 0.000000 0.000000 0.000000 0.000000 76 1105 445939 21860 0 0 7
0.294524 7 0 -1
5.399612 4 8 0
1.079922 4 8 0
5.988661 4 7 1
4.810564 5 4 3
5.006913 5 7 3
1.079922 5 7 1
0
1376 792 529 -903 0.859297 -0.613784 0.394407 0.012690 696 45 453257 21860 0 0 5
3.436117 9 8 -1
0.294524 5 5 0
2.061670 5 2 1
0.785398 4 4 1
6.086836 4 8 3
0
3575 529 278 58 42.118226 0.909143 3.742413 -0.398893 440 418 248929 21860 0 0 7
3.926991 8 5 -1
2.945243 6 3 0
5.301438 6 4 1
0.490874 4 5 0
2.061670 7 4 0
3.337942 4 8 1
4.025166 5 8 1
0
1462 1207 806 -581 18.045943 -3.287548 2.306639 -0.268829 758 1109 769789 21860 0 0 7
3.043418 8 0 -1
1.374447 7 1 0
5.203263 5 4 1
2.748894 4 6 2
4.810564 6 3 0
3.239767 6 4 3
4.123340 5 3 3
0
1350 1350 0 0 0.000000 0.000000 0.000000 0.000000 793 -4 999481 21860 0 0 5
5.890486 9 1 -1
5.890486 7 5 0
0.490874 6 8 0
0.981748 6 1 2
0.490874 7 0 0
0
1279 1380 336 -323 17.073886 -25.386671 3.972644 -0.153437 274 641 288076 21860 0 0 6
1.178097 7 4 -1
6.185011 4 6 0
4.319690 5 8 0
1.570796 7 6 2
2.061670 4 3 0
2.061670 5 5 4
0
1350 1710 0 0 0.000000 0.000000 0.000000 0.000000 285 259 684760 21860 0 0 5
0.589049 7 2 -1
4.712389 7 8 0
1.276272 6 7 1
0.981748 6 7 0
0.785398 7 1 1
0
1211 1713 847 -596 21.922078 -9.455373 0.770302 -0.063033 193 1276 710846 21860 0 0 5
0.490874 7 5 -1
1.767146 4 7 0
3.534292 4 3 1
4.319690 7 1 2
0.687223 5 1 0
0
1050 1827 192 28 10.566900 37.618510 4.511117 -1.224144 1458 1541 687365 15957 0 0 6
6.086836 7 4 -1
2.552544 5 3 0
3.239767 5 3 0
2.000000 7 2 1
5.006913 5 1 2
3.141593 4 3 3
0
1530 90 0 0 0.000000 0.000000 0.000000 0.000000 1026 1341 818159 21860 0 0 6
0.000000 7 5 -1
0.883573 7 5 0
4.614214 5 1 0
0.687223 5 0 1
0.490874 6 0 2
4.417865 4 6 2
0
1748 237 -942 -630 -45.573841 -35.307369 5.768829 0.065271 420 315 903194 21860 0 0 6
3.043418 7 0 -1
2.159845 5 2 0
3.730641 5 8 0
3.534292 7 3 2
1.865321 6 0 3
5.890486 5 3 1
0
1544 494 806 421 0.848641 2.545922 5.105280 -0.066921 87 1386 501563 21860 0 0 7
0.883573 8 0 -1
0.490874 4 0 0
2.258020 7 5 1
4.417865 5 4 2
3.828816 4 5 3
3.632467 5 0 2
2.454369 6 2 4
0
1922 1113 0 0 0.000000 0.000000 0.000000 0.000000 767 1189 596536 3326 0 0 5
3.337942 8 6 -1
1.276272 7 2 0
2.945243 6 1 0
0.981748 5 1 1
2.159845 7 2 2
0
1348 853 46 469 21.658259 22.225979 4.343467 -1.146652 842 694 464474 21860 0 0 7
3.436117 7 6 -1
4.025166 7 4 0
2.650719 6 7 1
1.865321 5 5 1
1.079922 7 2 3
0.196350 7 8 3
1.472622 6 3 2
0
1705 904 -404 116 8.170443 -27.907540 0.931510 0.244177 1386 380 606538 21860 0 0 5
1.963495 9 2 -1
5.301438 6 4 0
4.319690 6 4 0
2.258020 6 3 0
4.810564 6 5 2
0
1530 1170 0 0 0.000000 0.000000 0.000000 0.000000 346 854 694999 21860 0 0 6
1.472622 9 6 -1
1.276272 6 5 0
4.025166 7 1 1
1.472622 6 4 1
2.258020 5 7 2
0.981748 7 0 2
0
1543 1539 -743 267 -3.696793 28.514785 4.005563 -1.185172 898 627 806932 21860 0 0 6
5.595962 8 8 -1
1.963495 7 3 0
5.497787 4 0 0
0.687223 7 1 2
6.086836 7 8 2
0.294524 7 1 4
0
1023 849 -577 451 -185.839225 43.626352 4.268757 4.331701 337 1256 80761 21096 0 0 5
4.319690 8 3 -1
4.123340 6 3 0
4.319690 4 1 1
3.436117 7 3 2
0.000000 4 4 1
1
802 1682 -898 978 -15.441034 8.962256 0.827321 -1.089375 473 1081 417687 5455 7 500 7
3.043418 8 7 -1
3.141593 7 8 0
3.926991 4 7 0
5.203263 5 7 1
1.079922 5 3 2
0.098175 5 8 1
2.258020 7 5 4
1540 1868 116 658 10.122582 17.115921 4.985012 -0.873162 324 112 733928 21860 0 0 6
2.061670 9 2 -1
5.399612 5 5 0
5.497787 5 2 0
1.767146 7 3 1
5.203263 7 5 1
2.159845 4 7 3
0
1183 1997 -717 838 -39.515528 12.140203 1.619283 -1.438199 430 1491 749230 21360 0 0 6
4.221515 8 4 -1
0.981748 5 6 0
3.828816 6 6 0
5.890486 6 3 0
2.061670 6 5 0
5.890486 6 2 2
0
1530 2070 0 0 0.000000 0.000000 0.000000 0.000000 402 531 550672 21860 0 0 5
4.614214 7 1 -1
3.043418 4 0 0
3.828816 4 1 0
6.086836 7 0 2
2.748894 5 4 1
0
1710 90 0 0 0.000000 0.000000 0.000000 0.000000 803 53 262697 21860 0 0 5
1.178097 8 7 -1
0.196350 7 5 0
3.534292 5 4 1
4.123340 5 6 1
4.712389 7 5 3
0
1455 386 542 331 39.885685 10.335509 3.343913 -1.521990 763 1159 256035 21860 0 0 5
0.883573 9 8 -1
0.294524 5 8 0
3.239767 5 7 0
0.785398 5 8 0
3.926991 4 3 2
0
1710 450 0 0 0.000000 0.000000 0.000000 0.000000 35 732 670507 21860 0 0 5
1.472622 7 5 -1
3.632467 7 6 0
4.810564 4 1 0
5.988661 7 2 0
0.196350 4 4 3
0
1710 630 0 0 0.000000 0.000000 0.000000 0.000000 79 1471 990341 21860 0 0 7
3.534292 7 2 -1
3.043418 7 5 0
4.614214 4 2 0
1.079922 5 2 2
4.123340 7 1 3
0.883573 4 6 1
0.294524 7 5 1
0
1688 817 -965 626 -1.409692 0.469897 4.494422 -0.110420 601 967 430903 21860 0 0 5
0.883573 7 7 -1
5.203263 6 8 0
3.337942 4 5 1
6.086836 5 0 0
2.650719 7 5 2
0
1738 1010 496 240 0.006520 0.004657 4.545670 -0.000391 1099 1237 464474 21860 0 0 5
2.748894 9 7 -1
3.239767 7 0 0
3.632467 6 8 0
1.178097 5 7 2
2.061670 4 6 2
0
1710 1170 0 0 0.000000 0.000000 0.000000 0.000000 427 465 718892 21860 0 0 5
5.497787 7 1 -1
6.086836 5 4 0
0.883573 5 1 0
5.006913 4 5 2
3.141593 5 6 1
0
1800 1443 50 137 0.772803 9.228310 5.114741 -0.210954 194 233 941859 21563 0 0 7
0.098175 8 6 -1
3.828816 7 1 0
3.436117 7 1 1
1.079922 5 8 0
2.159845 5 3 3
5.890486 4 1 2
0.785398 6 0 4
1
1872 1408 918 504 38.270979 35.023385 1.329041 -0.988893 401 958 458590 12557 7 500 7
3.337942 8 4 -1
1.374447 4 3 0
0.392699 6 0 1
5.792311 5 7 2
2.258020 4 5 0
1.178097 7 7 3
5.006913 4 3 1
1601 1682 -465 -205 -11.043418 -37.598404 6.199781 -0.661014 120 1152 633494 21547 0 0 6
4.319690 8 5 -1
3.141593 4 3 0
2.748894 5 1 1
0.785398 4 8 2
0.000000 6 5 0
4.614214 5 6 3
0
1710 1710 0 0 0.000000 0.000000 0.000000 0.000000 570 600 793476 21860 0 0 6
1.865321 9 4 -1
0.687223 5 7 0
5.203263 5 2 0
0.785398 7 4 1
1.865321 5 1 1
4.221515 7 1 0
0
1710 1890 0 0 0.000000 0.000000 0.000000 0.000000 745 605 769789 21860 0 0 5
2.454369 8 1 -1
4.712389 4 8 0
1.865321 5 8 1
2.454369 6 6 1
2.650719 7 2 0
0
1710 2070 0 0 0.000000 0.000000 0.000000 0.000000 376 413 668213 21860 0 0 6
1.865321 7 4 -1
5.006913 5 6 0
5.301438 4 0 1
5.301438 4 1 2
0.196350 4 2 0
0.687223 6 8 2
0
1890 90 0 0 0.000000 0.000000 0.000000 0.000000 803 901 583643 21860 0 0 6
6.185011 8 7 -1
0.883573 4 0 0
5.301438 4 2 0
3.534292 6 2 2
1.374447 7 0 2
0.687223 6 1 4
0
1890 270 0 0 0.000000 0.000000 0.000000 0.000000 68 962 666933 21860 0 0 5
3.632467 7 2 -1
3.141593 5 4 0
2.061670 5 8 0
3.730641 4 2 0
1.178097 6 8 0
0
2038 328 -556 -965 -16.532451 -0.130576 6.254697 0.014248 928 954 473337 21860 0 0 7
0.490874 9 8 -1
2.847068 7 5 0
2.650719 6 4 0
5.497787 6 6 2
0.687223 4 3 3
1.374447 7 2 4
2.552544 6 4 3
0
1859 746 25 282 0.720420 10.228310 2.154529 -0.834302 235 1024 913249 21860 0 0 6
0.981748 9 8 -1
2.748894 6 0 0
1.079922 5 2 0
2.552544 5 3 1
4.319690 5 2 0
3.534292 4 2 3
0
1879 783 -534 -181 -0.322558 -0.752636 1.287253 0.035404 570 1640 864506 21345 0 0 6
0.490874 9 7 -1
1.472622 4 4 0
5.988661 6 4 0
5.006913 6 2 0
0.000000 5 0 2
4.417865 7 6 4
0
1776 730 791 -580 9.864865 -6.496955 5.792910 0.314350 1024 1037 659831 21860 0 0 7
4.614214 9 5 -1
2.945243 5 2 0
0.098175 5 8 1
4.123340 4 3 2
4.025166 4 5 3
5.792311 6 5 1
3.436117 7 0 3
0
1890 1170 0 0 0.000000 0.000000 0.000000 0.000000 110 1418 596537 21860 0 0 5
3.337942 8 6 -1
1.276272 7 2 0
2.945243 6 1 0
0.981748 5 1 1
2.159845 7 2 2
0
1890 1350 0 0 0.000000 0.000000 0.000000 0.000000 1033 856 893244 21860 0 0 6
6.086836 8 1 -1
2.748894 7 4 0
2.748894 7 1 0
4.516039 7 8 2
0.981748 5 1 1
1.079922 5 4 1
0
1909 1566 471 182 0.421807 0.759253 4.890323 -0.029216 1154 1310 650267 21860 0 0 6
6.086836 7 4 -1
5.595962 5 1 0
4.516039 7 0 0
6.185011 5 7 0
1.963495 5 6 1
4.221515 5 7 1
0
1969 1416 -380 -878 -3.041440 -4.607743 3.842312 0.411473 411 242 737372 9146 0 0 7
0.098175 8 6 -1
3.828816 7 1 0
3.436117 7 1 1
1.079922 5 8 0
2.159845 5 3 3
5.890486 4 1 2
0.785398 6 0 4
0
1890 1890 0 0 0.000000 0.000000 0.000000 0.000000 257 963 602127 21860 0 0 7
5.792311 7 5 -1
3.828816 5 0 0
1.374447 4 6 1
0.490874 7 4 2
0.490874 5 6 3
3.632467 5 1 1
4.123340 7 6 5
0
1747 2109 271 802 19.985651 8.346874 5.663445 0.427089 1162 472 450322 21860 0 0 7
0.785398 9 4 -1
4.025166 6 3 0
2.159845 7 4 1
5.105088 5 6 2
3.926991 6 1 2
6.185011 7 5 4
6.185011 5 6 5
0
2143 26 -504 202 -3.671249 48.566896 1.236394 -0.805992 971 469 15897 21360 0 0 6
3.436117 7 3 -1
0.392699 4 2 0
5.694137 5 0 1
3.632467 5 4 0
3.926991 6 6 2
2.159845 7 0 4
0
2070 270 0 0 0.000000 0.000000 0.000000 0.000000 992 1238 903194 21860 0 0 5
2.061670 7 0 -1
1.374447 6 0 0
5.792311 4 6 0
0.589049 5 2 1
5.301438 6 8 3
0
2070 450 0 0 0.000000 0.000000 0.000000 0.000000 1209 490 365825 21860 0 0 6
1.963495 9 6 -1
1.668971 5 5 0
5.399612 6 7 0
3.141593 4 1 1
5.595962 6 4 2
6.086836 6 5 4
0
2064 893 686 299 44.282840 19.177209 4.861408 0.460110 53 288 118099 21345 0 0 7
3.043418 8 2 -1
0.490874 7 0 0
0.589049 7 3 1
2.258020 4 3 0
4.908739 6 0 1
2.454369 7 7 1
4.025166 6 3 5
0
2070 810 0 0 0.000000 0.000000 0.000000 0.000000 1355 975 618816 21860 0 0 6
2.847068 7 4 -1
0.589049 7 6 0
1.570796 6 1 0
3.828816 4 1 1
3.436117 4 4 0
4.712389 4 5 0
0
2047 1009 -743 724 -0.014739 0.012282 5.817020 -0.000284 1080 432 458384 21860 0 0 5
6.086836 8 8 -1
0.589049 6 2 0
0.000000 4 6 0
1.963495 6 7 1
6.185011 4 6 1
0
2073 1158 817 -3 0.007279 -0.021837 1.296130 0.002296 435 73 428867 21548 0 0 6
0.392699 9 5 -1
2.847068 5 5 0
2.356194 4 4 1
3.141593 5 7 0
5.399612 6 5 1
1.570796 4 4 1
0
2070 1350 0 0 0.000000 0.000000 0.000000 0.000000 335 854 760289 21860 0 0 5
1.178097 8 1 -1
5.595962 5 8 0
1.963495 6 6 1
4.417865 7 0 1
1.865321 6 8 3
0
1798 1827 -152 304 -15.511489 7.755744 0.640681 -0.865394 182 719 655610 21860 0 0 7
3.141593 7 4 -1
3.632467 6 2 0
0.883573 6 3 0
1.963495 7 5 2
3.828816 4 3 2
4.614214 6 1 1
5.595962 5 8 0
0
2070 1710 0 0 0.000000 0.000000 0.000000 0.000000 394 397 659246 21860 0 0 5
6.185011 7 2 -1
3.632467 6 7 0
5.399612 5 2 1
1.865321 4 7 0
2.061670 7 6 3
0
2070 1890 0 0 0.000000 0.000000 0.000000 0.000000 909 1771 808796 21860 0 0 7
5.006913 9 6 -1
0.196350 7 1 0
4.319690 5 8 1
3.141593 4 2 0
5.890486 7 2 3
2.159845 4 6 1
2.356194 6 8 2
0
3384 1427 -889 -519 -16.102877 -13.000625 0.363362 -0.053637 460 197 703741 21860 0 0 6
1.570796 9 0 -1
0.785398 4 3 0
4.025166 7 4 1
2.159845 7 4 1
4.417865 6 8 3
5.301438 4 2 3
0
2171 6 874 0 13.902290 0.000000 3.394913 0.805992 643 474 948782 21360 0 0 5
1.767146 7 1 -1
3.534292 4 0 0
5.203263 4 4 0
5.006913 7 4 2
3.239767 6 3 3
0
2250 270 0 0 0.000000 0.000000 0.000000 0.000000 475 1610 888968 21860 0 0 6
1.963495 9 4 -1
2.159845 5 6 0
2.454369 6 0 0
4.417865 6 2 2
0.196350 5 5 2
0.098175 7 0 4
0
2594 592 89 -515 7.575565 -15.151130 0.942586 0.349470 549 375 670685 21673 2 313 5
3.632467 8 2 -1
5.203263 4 5 0
0.687223 7 1 1
4.221515 6 3 2
1.374447 5 0 0
0
2798 1284 -91 604 -35.520513 26.840741 1.291665 0.016479 226 123 276044 21860 0 0 6
6.086836 7 8 -1
1.374447 4 3 0
0.883573 4 6 0
3.730641 6 7 0
1.276272 6 3 0
5.694137 4 6 2
0
2185 583 616 -708 8.614999 -8.743739 0.271951 -0.103638 583 1318 747406 21860 0 0 7
3.730641 7 6 -1
4.614214 7 3 0
0.785398 5 8 1
4.712389 4 1 1
5.105088 5 0 3
4.417865 6 2 4
1.963495 6 5 3
0
2250 990 0 0 0.000000 0.000000 0.000000 0.000000 1274 768 397799 21860 0 0 7
2.748894 8 8 -1
4.221515 5 0 0
3.534292 6 8 0
0.392699 4 5 2
1.668971 7 5 0
4.221515 4 5 2
2.748894 5 4 0
0
2250 1170 0 0 0.000000 0.000000 0.000000 0.000000 932 371 698284 21860 0 0 7
0.490874 9 2 -1
0.589049 7 6 0
3.828816 7 8 0
2.258020 4 8 1
4.123340 4 6 0
2.454369 7 5 1
2.061670 6 0 2
0
2250 1350 0 0 0.000000 0.000000 0.000000 0.000000 444 548 507103 21860 0 0 5
1.570796 7 2 -1
0.883573 7 8 0
4.712389 5 8 1
4.123340 7 4 1
4.417865 6 5 1
0
3510 990 0 0 0.000000 0.000000 0.000000 0.000000 250 1393 632366 21860 0 0 5
0.490874 9 5 -1
2.945243 4 1 0
4.319690 4 4 0
4.319690 7 7 2
2.454369 7 1 0
0
1804 1796 -461 -858 -41.303553 -65.033356 4.935316 0.865394 1062 809 721900 21860 0 0 6
4.516039 8 6 -1
2.748894 7 3 0
1.668971 7 1 0
1.767146 6 2 1
5.890486 5 3 2
3.534292 7 5 2
0
2230 1933 -253 340 -0.001761 0.003963 5.248259 -0.000085 761 641 603904 21587 0 0 7
4.123340 9 1 -1
1.963495 4 4 0
1.865321 7 4 0
3.828816 5 7 0
4.025166 5 1 1
3.534292 4 5 4
3.828816 7 5 2
1
2252 1870 43 493 87.205835 124.533879 3.437821 0.727233 1235 659 430567 4999 7 500 7
4.025166 8 8 -1
5.988661 4 7 0
5.301438 7 7 0
4.319690 5 3 2
0.294524 7 3 1
4.025166 7 3 1
4.025166 7 7 3
2250 2070 0 0 0.000000 0.000000 0.000000 0.000000 583 1436 537503 21860 0 0 5
4.025166 7 5 -1
1.276272 4 6 0
2.159845 7 1 1
2.847068 6 6 1
4.712389 6 4 0
0
2452 108 606 810 0.601191 0.500993 5.843340 -0.011602 1190 706 557705 21860 0 0 6
5.497787 7 8 -1
0.000000 7 1 0
2.454369 6 0 0
3.239767 7 1 0
3.043418 6 7 3
5.301438 7 0 1
0
2430 270 0 0 0.000000 0.000000 0.000000 0.000000 133 740 941187 21860 0 0 7
3.534292 7 8 -1
3.337942 5 0 0
2.159845 7 2 0
1.276272 6 8 2
5.595962 4 2 3
3.730641 7 1 3
0.883573 4 7 5
0
2190 15 -48 -271 -17.660130 -47.429616 3.226152 1.617699 1060 1266 803723 21860 0 0 5
2.454369 7 1 -1
3.926991 7 5 0
3.337942 4 3 1
5.890486 4 3 2
5.105088 7 0 3
0
2430 630 0 0 0.000000 0.000000 0.000000 0.000000 681 287 608311 21860 0 0 5
1.472622 9 0 -1
1.276272 6 1 0
5.105088 6 0 0
4.516039 6 4 2
5.595962 4 1 3
0
2430 810 0 0 0.000000 0.000000 0.000000 0.000000 19 1279 847210 21860 0 0 6
2.159845 9 0 -1
5.301438 5 4 0
2.847068 4 0 1
3.730641 4 0 0
0.000000 4 7 3
0.687223 7 5 0
0
2430 990 0 0 0.000000 0.000000 0.000000 0.000000 217 1018 262697 21860 0 0 5
0.490874 7 4 -1
2.847068 7 5 0
5.006913 6 4 0
4.417865 6 8 0
4.614214 6 8 1
0
2430 1170 0 0 0.000000 0.000000 0.000000 0.000000 634 43 543078 21860 0 0 7
0.687223 7 4 -1
3.828816 4 1 0
4.221515 5 7 1
5.890486 5 5 1
5.792311 4 5 1
1.767146 5 7 3
0.785398 6 2 0
0
2534 1349 575 -372 62.205089 -26.062234 4.040540 0.307902 648 313 666933 21860 0 0 5
2.945243 7 2 -1
4.417865 7 7 0
4.025166 4 2 1
0.785398 6 3 2
0.687223 5 5 0
0
2430 1530 0 0 0.000000 0.000000 0.000000 0.000000 1097 1627 961647 21860 0 0 5
3.436117 9 1 -1
3.239767 6 0 0
4.712389 6 1 1
4.712389 5 8 0
1.374447 6 6 1
0
2430 1710 0 0 0.000000 0.000000 0.000000 0.000000 654 883 845105 21860 0 0 6
2.748894 8 0 -1
0.490874 7 7 0
3.141593 6 1 0
0.785398 7 5 0
0.785398 7 5 0
1.178097 6 0 1
0
2430 1890 0 0 0.000000 0.000000 0.000000 0.000000 217 345 562142 21860 0 0 6
3.828816 9 4 -1
1.374447 6 2 0
3.239767 7 6 0
1.079922 4 0 0
4.614214 4 7 2
0.589049 5 8 4
0
2323 2135 666 -903 5.700460 -2.726972 6.259978 -0.144359 301 8 728723 21860 0 0 6
5.105088 8 1 -1
0.490874 6 2 0
5.399612 7 3 1
1.963495 4 2 2
3.730641 7 0 0
0.098175 5 0 1
0
2610 90 0 0 0.000000 0.000000 0.000000 0.000000 459 446 241502 21860 0 0 5
6.086836 9 8 -1
2.945243 5 6 0
5.890486 5 8 0
0.294524 6 6 0
4.810564 5 7 3
0
2610 270 0 0 0.000000 0.000000 0.000000 0.000000 242 431 959805 21860 0 0 5
0.294524 9 2 -1
3.730641 5 4 0
1.570796 6 0 0
1.276272 6 8 2
5.595962 6 1 0
0
1862 137 0 0 0.000000 0.000000 0.000000 0.000000 453 1410 583642 2968 0 0 6
6.185011 8 7 -1
0.883573 4 0 0
5.301438 4 2 0
3.534292 6 2 2
1.374447 7 0 2
0.687223 6 1 4
0
2581 623 -797 304 -7.575565 15.151130 0.107427 -0.349470 709 297 951391 21267 5 313 5
0.981748 8 4 -1
4.516039 6 5 0
4.221515 5 1 1
2.454369 4 8 2
3.043418 5 0 3
0
2471 839 379 898 25.865052 67.909505 2.075333 -1.037140 1331 25 532935 21860 0 0 7
5.105088 9 3 -1
2.258020 6 2 0
3.239767 4 1 1
2.356194 7 4 0
3.436117 4 0 1
3.828816 4 2 4
2.356194 5 0 0
0
2595 970 -488 -432 -0.068504 -0.114174 0.711064 0.003921 910 -9 406784 21860 0 0 6
1.963495 8 5 -1
2.847068 6 8 0
3.141593 6 5 1
1.865321 6 1 2
4.123340 7 8 3
3.043418 6 8 3
0
2576 1192 -152 716 -1.241976 0.827984 5.909341 -0.013524 574 1704 561682 21860 0 0 6
4.712389 9 2 -1
3.926991 6 5 0
1.374447 5 0 1
2.748894 4 7 2
3.239767 6 0 2
4.221515 5 2 4
0
2708 1510 -97 -40 -32.927287 -29.119852 4.100790 -1.170477 311 570 430903 21860 0 0 6
4.221515 8 7 -1
0.981748 6 3 0
5.006913 5 6 0
4.908739 4 5 0
0.392699 6 6 0
2.945243 5 1 4
0
2610 1530 0 0 0.000000 0.000000 0.000000 0.000000 96 752 724428 21860 0 0 5
1.472622 9 1 -1
1.668971 5 4 0
3.141593 6 7 1
1.276272 5 1 0
1.963495 4 7 3
0
1991 2051 815 -175 115.693587 -116.181821 3.312501 2.032078 908 1001 241502 21860 0 0 7
1.472622 9 6 -1
2.356194 5 8 0
1.178097 4 6 0
4.319690 5 3 1
4.319690 5 5 1
1.767146 7 7 0
1.570796 7 3 2
0
3510 1890 0 0 0.000000 0.000000 0.000000 0.000000 100 660 646280 21860 0 0 6
5.988661 8 6 -1
2.847068 5 6 0
4.810564 6 8 1
2.847068 7 0 1
1.178097 6 1 2
0.000000 7 8 3
0
2616 2059 642 -281 6.134172 -13.801888 0.465326 0.508375 425 639 832438 21860 0 0 5
4.712389 8 1 -1
5.694137 4 0 0
1.865321 4 8 1
5.497787 4 4 0
5.988661 4 1 0
0
2790 90 0 0 0.000000 0.000000 0.000000 0.000000 466 1229 234055 21860 0 0 5
5.497787 8 6 -1
5.694137 7 5 0
3.436117 5 7 1
4.614214 6 8 2
5.105088 7 7 1
0
2790 270 0 0 0.000000 0.000000 0.000000 0.000000 1081 363 574317 21860 0 0 7
6.185011 8 7 -1
5.497787 5 0 0
2.847068 4 4 1
4.319690 4 8 1
4.516039 6 0 2
1.374447 7 8 3
4.123340 4 6 0
0
2790 450 0 0 0.000000 0.000000 0.000000 0.000000 1077 681 404287 21860 0 0 5
2.945243 8 5 -1
0.490874 4 2 0
5.694137 4 6 1
5.792311 6 7 2
2.356194 6 4 2
0
2790 630 0 0 0.000000 0.000000 0.000000 0.000000 409 945 951083 21860 0 0 6
2.159845 8 0 -1
1.570796 7 4 0
5.301438 4 6 0
5.399612 7 5 1
0.490874 6 0 1
3.632467 7 2 4
0
2790 810 0 0 0.000000 0.000000 0.000000 0.000000 838 1408 619421 21860 0 0 5
5.105088 8 2 -1
5.399612 4 2 0
5.497787 7 1 1
1.472622 4 6 2
6.086836 6 2 2
0
2817 987 969 -729 0.011012 -0.001573 0.095961 0.000037 843 327 794801 21500 0 0 6
2.945243 9 4 -1
4.025166 7 2 0
3.337942 7 8 1
1.963495 4 2 2
5.006913 4 7 3
2.847068 6 6 3
0
2518 1123 -248 -997 -18.031231 -9.062916 4.734134 0.939129 231 998 646137 21860 0 0 7
5.006913 9 5 -1
3.926991 5 8 0
2.258020 6 5 0
2.552544 4 0 2
2.356194 4 0 0
2.945243 7 3 2
4.908739 4 1 4
0
2790 1350 0 0 0.000000 0.000000 0.000000 0.000000 755 266 704329 21860 0 0 5
3.043418 8 8 -1
3.632467 7 5 0
2.748894 6 0 0
5.399612 7 2 0
6.185011 5 4 3
0
2790 1530 0 0 0.000000 0.000000 0.000000 0.000000 693 686 768637 21860 0 0 6
1.079922 7 7 -1
0.687223 4 0 0
2.748894 6 0 1
4.908739 6 0 0
1.276272 6 4 0
0.294524 6 5 1
0
880 1890 501 946 -14.708726 39.252163 5.649354 0.484697 1018 1003 645106 4658 0 0 7
3.043418 7 3 -1
3.534292 4 2 0
2.454369 4 6 0
1.570796 7 0 1
6.185011 5 1 2
5.694137 7 0 4
1.276272 4 1 3
0
2608 1796 -636 320 -32.755548 5.933737 1.938227 0.897545 236 922 815267 21480 0 0 7
0.294524 8 6 -1
0.490874 6 3 0
2.847068 7 6 0
0.785398 7 5 1
3.534292 7 2 3
1.963495 4 1 4
1.963495 6 4 1
0
3004 1977 224 -251 21.728017 -0.918555 0.510757 -0.120400 118 447 385405 21860 0 0 7
0.196350 8 7 -1
2.748894 7 7 0
0.883573 5 5 1
5.006913 5 5 0
5.792311 7 3 2
1.570796 7 1 2
0.883573 7 7 2
0
2970 90 0 0 0.000000 0.000000 0.000000 0.000000 -9 939 256035 21860 0 0 6
5.595962 7 4 -1
3.337942 7 4 0
2.061670 4 5 0
5.497787 6 4 2
0.098175 6 6 2
0.196350 4 7 3
0
2970 270 0 0 0.000000 0.000000 0.000000 0.000000 48 1350 521400 21860 0 0 5
2.454369 9 1 -1
5.890486 7 2 0
2.454369 6 2 1
3.337942 4 6 2
3.436117 6 6 1
0
3296 373 105 -744 20.290286 -2.203423 4.418916 -0.249167 184 1419 739605 21860 0 0 6
2.552544 8 1 -1
4.614214 6 2 0
0.687223 4 3 1
2.159845 5 5 1
2.061670 6 8 2
5.301438 6 4 0
0
2970 630 0 0 0.000000 0.000000 0.000000 0.000000 994 567 697737 21860 0 0 5
2.061670 8 0 -1
4.516039 5 4 0
5.203263 4 5 0
3.534292 4 1 0
4.614214 4 8 3
0
2970 810 0 0 0.000000 0.000000 0.000000 0.000000 887 206 387720 21860 0 0 7
5.105088 7 7 -1
6.086836 6 5 0
4.417865 5 6 1
6.086836 6 4 2
3.043418 5 8 2
1.963495 6 0 2
0.785398 5 7 2
0
2970 990 0 0 0.000000 0.000000 0.000000 0.000000 647 1102 529848 21860 0 0 5
3.534292 9 0 -1
3.337942 7 4 0
2.748894 4 4 0
4.025166 7 7 0
4.025166 6 7 3
0
3283 1131 799 -622 13.269778 -16.476378 3.433444 0.056601 855 728 546255 21860 0 0 5
5.399612 9 2 -1
5.988661 6 5 0
0.392699 6 3 1
1.472622 7 1 0
3.730641 7 2 2
0
2970 1350 0 0 0.000000 0.000000 0.000000 0.000000 303 701 526200 21860 0 0 7
0.000000 9 6 -1
1.570796 7 8 0
2.748894 7 8 1
1.668971 7 6 1
2.356194 4 2 2
0.000000 4 5 4
2.061670 6 2 5
0
2970 1530 0 0 0.000000 0.000000 0.000000 0.000000 268 1593 458384 21860 0 0 5
3.239767 8 4 -1
2.847068 5 5 0
0.981748 6 6 1
0.000000 7 7 2
3.436117 6 2 3
0
3510 1170 0 0 0.000000 0.000000 0.000000 0.000000 1061 130 445830 21860 0 0 6
4.614214 8 6 -1
0.687223 7 5 0
2.454369 4 8 0
3.239767 5 0 2
4.417865 4 6 0
2.159845 4 8 1
0
3350 1678 -5 -936 -36.072559 -21.296276 2.556237 -0.070133 577 492 591012 21860 0 0 6
1.178097 9 0 -1
0.687223 5 6 0
2.159845 7 8 0
2.356194 4 4 1
1.178097 4 5 1
2.454369 5 3 0
0
2970 2070 0 0 0.000000 0.000000 0.000000 0.000000 512 1206 312723 21860 0 0 6
4.908739 9 6 -1
5.595962 7 5 0
6.185011 5 7 1
4.123340 4 1 1
0.098175 6 7 0
3.534292 7 7 4
0
3473 42 625 66 13.650048 9.889458 0.341927 0.254844 916 929 619123 21860 0 0 7
1.865321 8 5 -1
3.141593 4 6 0
6.185011 5 0 0
2.945243 6 6 0
2.454369 5 6 3
3.141593 5 2 0
0.981748 4 3 3
0
3150 270 0 0 0.000000 0.000000 0.000000 0.000000 644 245 821330 21860 0 0 7
5.006913 8 7 -1
4.221515 7 2 0
1.374447 5 5 0
2.356194 4 7 2
1.963495 6 1 1
4.810564 7 4 0
1.570796 7 0 4
0
3150 450 0 0 0.000000 0.000000 0.000000 0.000000 386 1050 934003 21860 0 0 7
3.141593 7 2 -1
2.552544 4 2 0
0.098175 4 5 1
1.079922 4 0 2
1.178097 5 4 3
0.294524 5 4 0
4.614214 5 1 1
0
3150 630 0 0 0.000000 0.000000 0.000000 0.000000 877 278 723215 21860 0 0 7
5.890486 7 7 -1
2.847068 5 8 0
1.963495 6 4 1
1.570796 6 0 2
6.086836 4 6 1
0.392699 6 1 4
1.767146 4 1 5
0
3150 810 0 0 0.000000 0.000000 0.000000 0.000000 431 693 829003 21860 0 0 6
2.159845 8 1 -1
0.098175 6 5 0
5.301438 4 1 1
0.196350 4 8 2
0.098175 5 7 1
1.570796 6 2 4
0
3127 1112 209 411 52.382882 38.249738 3.981702 0.104618 650 504 945226 21860 0 0 7
0.196350 7 1 -1
4.123340 7 2 0
5.694137 4 3 1
1.668971 6 0 2
1.374447 5 3 2
1.276272 6 5 4
5.792311 4 6 5
0
3150 1170 0 0 0.000000 0.000000 0.000000 0.000000 846 484 594237 21860 0 0 6
5.988661 9 8 -1
2.945243 6 0 0
4.908739 6 7 0
2.356194 5 5 1
5.890486 4 5 3
1.374447 5 0 1
0
3482 450 -197 0 -0.032632 0.000000 4.145169 -0.002441 942 66 669995 21860 0 0 5
2.356194 8 1 -1
4.810564 5 0 0
5.497787 6 4 1
4.614214 7 2 1
2.159845 7 1 1
0
2761 1572 -16 -221 -15.329545 -6.134882 1.811373 1.839268 707 707 986780 18490 0 0 6
3.534292 9 3 -1
3.828816 4 3 0
4.614214 4 4 1
1.668971 7 6 1
1.865321 5 7 0
5.890486 7 1 0
1
2790 1710 0 0 0.000000 0.000000 0.000000 0.000000 55 275 453290 17374 7 500 6
3.632467 7 5 -1
0.098175 6 1 0
1.668971 4 5 0
5.301438 7 7 0
2.552544 7 6 0
4.810564 4 4 2
3150 1710 0 0 0.000000 0.000000 0.000000 0.000000 942 825 226575 21860 0 0 6
6.086836 9 6 -1
5.105088 7 6 0
1.276272 5 4 1
0.098175 6 7 0
3.534292 6 4 3
4.025166 7 6 0
0
317 566 288 -620 8.021253 -7.587017 6.255015 -0.268590 22 1664 518400 1140 0 0 7
0.294524 9 2 -1
3.141593 7 4 0
1.079922 6 2 0
5.694137 6 6 0
4.025166 7 4 1
5.988661 5 5 2
3.828816 5 3 2
0
3225 2083 355 -388 3.709688 -9.108438 3.612994 0.422569 473 242 415755 21860 0 0 7
4.123340 7 4 -1
5.399612 4 4 0
3.534292 6 3 0
4.319690 5 8 2
2.945243 6 1 3
2.356194 7 7 2
2.454369 4 8 4
0
3330 90 0 0 0.000000 0.000000 0.000000 0.000000 1053 1271 803933 21860 0 0 6
2.061670 8 5 -1
5.497787 6 0 0
3.926991 5 6 0
3.730641 5 0 1
5.988661 6 7 1
1.472622 6 1 3
0
3330 270 0 0 0.000000 0.000000 0.000000 0.000000 113 631 929353 21860 0 0 6
2.847068 7 0 -1
3.337942 5 2 0
2.258020 5 0 0
2.159845 5 2 2
3.828816 5 7 2
3.337942 6 7 2
0
3330 450 0 0 0.000000 0.000000 0.000000 0.000000 852 232 636041 21860 0 0 5
4.810564 9 7 -1
0.294524 5 4 0
3.043418 7 0 0
5.694137 7 7 2
4.025166 6 2 0
0
3330 630 0 0 0.000000 0.000000 0.000000 0.000000 748 742 676294 21860 0 0 5
0.294524 7 1 -1
2.552544 6 0 0
6.185011 7 8 0
4.221515 6 6 1
3.436117 6 7 0
0
3330 810 0 0 0.000000 0.000000 0.000000 0.000000 653 810 637654 21860 0 0 6
2.552544 8 5 -1
0.687223 5 5 0
4.516039 5 0 0
0.000000 6 1 0
4.025166 6 4 1
3.730641 4 6 2
0
3330 990 0 0 0.000000 0.000000 0.000000 0.000000 275 1069 581954 21860 0 0 6
3.534292 8 7 -1
2.258020 6 2 0
0.785398 5 4 0
4.908739 5 8 2
1.276272 5 8 3
2.748894 5 0 1
0
3330 1170 0 0 0.000000 0.000000 0.000000 0.000000 82 990 649113 21860 0 0 6
5.301438 7 1 -1
6.185011 7 8 0
5.006913 5 7 0
0.589049 6 5 1
1.276272 6 1 1
3.337942 5 7 2
0
3388 1614 -716 898 -21.764045 86.082300 3.193942 -0.978596 642 1304 464474 21860 0 0 7
4.025166 7 3 -1
0.785398 6 3 0
6.086836 6 4 1
4.810564 7 8 0
3.632467 7 7 1
2.356194 7 2 2
1.865321 7 6 3
0
3330 1530 0 0 0.000000 0.000000 0.000000 0.000000 221 175 893021 21860 0 0 7
4.908739 8 1 -1
5.792311 7 5 0
4.221515 7 5 0
1.865321 6 2 0
3.534292 7 6 3
2.159845 7 0 0
5.301438 4 4 0
0
3295 1695 -810 -706 -0.020603 -0.009157 0.280649 0.000160 236 969 913214 21860 0 0 6
0.098175 9 0 -1
5.006913 7 0 0
2.552544 5 4 1
4.516039 6 6 0
3.632467 6 5 1
0.098175 4 1 3
0
3330 1890 0 0 0.000000 0.000000 0.000000 0.000000 224 599 645692 21860 0 0 6
6.185011 9 1 -1
0.785398 4 8 0
0.098175 5 8 0
3.534292 6 7 0
5.006913 5 8 3
5.595962 4 0 0
0
3330 2070 0 0 0.000000 0.000000 0.000000 0.000000 295 173 904691 21860 0 0 7
5.399612 8 2 -1
4.712389 6 4 0
1.767146 4 1 0
5.203263 6 8 1
5.497787 5 2 3
5.694137 5 2 4
4.614214 7 8 1
0
687 809 0 0 0.000000 0.000000 0.000000 0.000000 688 925 722729 6596 0 0 8
3.828816 7 2 -1
1.276272 7 2 0
4.908739 7 0 0
1.079922 6 0 2
6.185011 7 8 1
1.374447 6 2 3
3.337942 5 6 4
0.098175 7 6 0
0
2444 1956 -440 489 -7.771639 11.433443 3.642093 -0.713618 251 477 728723 6486 0 0 6
5.105088 8 1 -1
0.490874 6 2 0
5.399612 7 3 1
1.963495 4 2 2
3.730641 7 0 0
0.098175 5 0 1
0
476 764 0 0 0.000000 0.000000 0.000000 0.000000 1255 443 722390 6314 0 0 5
5.105088 9 2 -1
4.319690 7 2 0
5.399612 7 2 0
3.828816 7 1 0
3.632467 7 8 2
0
477 1842 0 0 0.000000 0.000000 0.000000 0.000000 1341 30 716324 6221 0 0 5
3.730641 8 2 -1
2.945243 4 0 0
2.061670 7 2 1
2.650719 4 1 0
6.185011 5 0 2
0
1223 630 0 0 0.000000 0.000000 0.000000 0.000000 832 126 676727 5471 0 0 7
4.025166 8 2 -1
1.767146 4 4 0
1.570796 5 6 1
6.185011 7 0 1
3.534292 6 0 1
5.301438 7 2 2
4.123340 5 5 0
0
2830 739 0 0 0.000000 0.000000 0.000000 0.000000 1135 1023 619420 3970 0 0 5
5.105088 8 2 -1
5.399612 4 2 0
5.497787 7 1 1
1.472622 4 6 2
6.086836 6 2 2
0
2355 630 0 0 0.000000 0.000000 0.000000 0.000000 1032 1448 608311 3672 0 0 5
1.472622 9 0 -1
1.276272 6 1 0
5.105088 6 0 0
4.516039 6 4 2
5.595962 4 1 3
0
2385 106 0 0 0.000000 0.000000 5.887286 0.000000 1302 1342 557704 2125 0 0 6
5.497787 7 8 -1
0.000000 7 1 0
2.454369 6 0 0
3.239767 7 1 0
3.043418 6 7 3
5.301438 7 0 1
0
1555 2025 0 0 0.000000 0.000000 0.000000 0.000000 743 1572 550672 1906 0 0 5
4.614214 7 1 -1
3.043418 4 0 0
3.828816 4 1 0
6.086836 7 0 2
2.748894 5 4 1
0
3233 1059 -428 -862 -3.925602 -12.509782 3.249220 -0.704036 535 952 546254 1750 0 0 5
5.399612 9 2 -1
5.988661 6 5 0
0.392699 6 3 1
1.472622 7 1 0
3.730641 7 2 2
0
3514 1267 0 0 0.000000 0.000000 2.042680 0.000000 654 8 504430 1327 0 0 5
3.436117 7 1 -1
2.454369 5 5 0
2.258020 7 6 1
3.141593 6 8 2
5.595962 7 6 0
0
2470 855 -181 608 -18.766204 14.064724 3.636821 -0.720268 287 1088 532934 1296 0 0 7
5.105088 9 3 -1
2.258020 6 2 0
3.239767 4 1 1
2.356194 7 4 0
3.436117 4 0 1
3.828816 4 2 4
2.356194 5 0 0
0
1499 494 0 0 0.000000 0.000000 5.109494 0.000000 1278 1227 501562 62 0 0 7
0.883573 8 0 -1
0.490874 4 0 0
2.258020 7 5 1
4.417865 5 4 2
3.828816 4 5 3
3.632467 5 0 2
2.454369 6 2 4
0
1
21689 240 1015 1050 1150 706 946 940 936 807 895 2232227198 2227501308 2229360377
1
16624 233 935 986 1037 730 948 930 922 838 886 2234268649 2230725615 2231410998
1
11585 229 901 949 958 735 957 929 897 850 867 2237101588 2234373085 2234035473
1
5836 235 917 976 994 796 967 933 913 874 863 2238834505 2237386420 2237208558
1
0 240 933 981 1005 827 970 974 912 922 890 2240000000 2240000000 2240000000
0
